region	Europe	Europe	Europe	Europe	Europe	Europe	Europe	Europe	Asia	Asia	Asia	Asia	Asia	Asia	Asia	Asia	America	America	America	America	America	America	America	America	Oceania	Oceania	Oceania	Oceania	Oceania	Oceania	Oceania	Oceania	Africa	Africa	Africa	Africa	Africa	Africa	Africa	Africa	Other	Other	Other	Other	Other	Other	Other	Other
sector	food	mining	manufactoring	electricity	gas	construction	transport	other	food	mining	manufactoring	electricity	gas	construction	transport	other	food	mining	manufactoring	electricity	gas	construction	transport	other	food	mining	manufactoring	electricity	gas	construction	transport	other	food	mining	manufactoring	electricity	gas	construction	transport	other	food	mining	manufactoring	electricity	gas	construction	transport	other
impact																																																
Value Added	45039.9639289	62520.9728851	611598.159136	21412.0805131	4605.27291527	251229.917276	168159.02401	426501.957484	140213.173699	58823.9016779	892692.082194	21695.6944217	3709.09063663	159587.298635	98897.4928865	198833.20975	65221.7176765	82647.7906218	330973.21611	12203.5229844	1627.50239178	182385.208668	91808.4861567	269770.703899	9065.39448547	44176.8781871	40989.6634284	440.015619786	12.0155223585	19708.8665641	9873.37921966	27776.0746372	50192.1188715	86191.1039894	65003.5375151	2815.06908583	70.8967178859	33119.305523	24475.0949668	30543.6968171	107344.746816	278175.265271	403028.891276	17155.3200816	1882.72161342	143594.549092	98258.1185874	124893.491216
Employment	7404.36541633	1252.54405152	18368.3347411	233.374652257	97.5960237502	8687.51505234	4396.51712111	11247.7925256	94887.6411062	3818.35132395	50377.7487904	161.741729982	70.4857359465	11867.5600471	5362.85487867	9113.20861083	8335.20140617	1263.30190533	9198.93333907	113.802695313	21.3532474076	5886.09787403	1427.9001356	5742.7570949	140.651434987	79.9758218567	596.494644139	1.66192837369	0	325.613715159	83.0482023577	335.03382466	49546.4299869	6845.82303501	13899.8437723	266.82042947	16.9387633663	5542.98013261	3982.39377316	5350.60494986	61289.1098028	20180.4961116	98546.0902131	2242.70220094	528.491178646	15517.6391992	10010.1349294	10304.7297018
Employment hour	15769623736.5	2575840467.51	36249412213.8	470859217.714	193389576.987	16406485292.7	8531163584.25	19928761455.6	195820403368	9009734299.83	122684965741	368998608.401	163151233.876	29863602012.1	13073701952.1	20818105721	17461418927.5	2984292510.77	20298516877.1	223888467.144	42155008.8877	12205458672.8	3187434384.16	11390411100.8	298278790.273	187143423.145	1093985813.07	3306698.88273	0	561134395.697	161497985.667	573909612.3	116710209495	15178683038.8	31635346997.5	600927232.819	38536517.7505	11783540061.1	8402215690.34	11366057729.6	98160652190.3	47342268716.7	224143954663	5167957569.93	1210424403.56	36263047071	23497792398	24158693875.7
GHG emissions (GWP100) | Problem oriented approach: baseline (CML, 2001) | GWP100 (IPCC, 2007)	118513422640	185220234470	307520742784	23767096987.3	7658773894.98	25023797243.1	83981789387.9	62269901344.6	306217335719	276799852379	1.39744468443e+12	86782959136.1	22544338797.4	9447447409.57	58215196895.1	46252799811.3	308983135117	161334286476	236293297704	31742464586.9	3843015396.92	7097116246.05	33082283709.9	30639710145.6	47078909595.4	58051910372.1	18642122905.6	1790167872.78	828802458.704	2998195077.23	4530104386.26	3351543376.85	212869103451	195357560714	88450912179.6	12092076324.7	226329552.465	7970289766.47	7101935712.72	23779457320.9	362847629019	543265358313	612196584618	180244685613	2589081001.39	35645706917.8	102241993547	49226654448.3
Human toxicity (USEtox) | USEtox2008 | CTUh (Rosenbaum et al., 2008)	5788.47416993	7581.84312642	649774.036241	963.112275514	302.511638308	8337.47673967	189630.006509	9762.09235461	456.80221219	5781.19827203	1365106.91293	586.377503813	103.734022537	700.069479778	146579.448139	679.806846602	970.856137231	7436.50936739	453147.588092	516.913779064	63.5615051418	1294.43261221	24975.0966607	542.44655336	47.9564247464	54.9241724791	12705.1198981	3.92592129405	0.146694295155	116.77262268	1234.69642824	87.2750093635	266.943933367	21660.6113403	270919.425944	388.969852631	44.5091147901	815.35863704	4555.80882164	1070.35178028	759.913898451	43558.1415683	1293547.21612	2201.60961879	349.125576597	4007.11547102	133479.060748	2645.76506289
Fresh water Ecotoxicity (USEtox) | USEtox2008 | CTUe (Rosenbaum et al., 2008)	3939629107.18	2875903928.24	312008305018	682677929.962	186300921.389	4999572381.11	145416237369	6457091258.11	1111759914.43	3354859244.7	578679239438	1043246252.92	76420007.2722	503404891.769	112608759904	648473942.469	2033043822	4797340814.04	271631147688	319117924.622	34728200.9087	919612774.196	19335765620.6	432304698	147896360.336	57963114.1572	3296908948.48	1832584.61496	147745.781496	64355741.3411	997377407.029	34608249.0079	310778308.193	12762932558.2	165505663913	293405764.944	29346702.2166	553884460.935	3445147410.37	606250669.549	2044484519.57	27895079498.8	792226056365	2200544341.54	216769672.453	2544304269.37	103592581060	1829262600.46
EPS | Damage Approach | EPS (Steen, 1999))	23678870687.2	26286947053.3	1.00879113582e+12	3924193043.67	1334829722.08	11237065511.5	16227371610	11510886681.3	45377110711.9	49493916926.4	6.38792800176e+12	10250906810.5	2511887386.14	2216732987.21	10783696683.4	6265161008.27	46558305257	34774587694.2	1.06018428668e+12	4100707246.42	515574495.44	2476365253.21	4872120424.91	3301250501.24	6656778355.1	6932807525.67	26071171137.9	200356521.919	90462658.783	475945340.768	593340877.993	453392410.623	29355185159.6	69564075637.1	586834748584	2097567958.06	118361228.132	2833486266.26	1442585396.08	4976975752.06	62320440811	160117919126	2.79680917827e+12	23653099535.9	928217448.48	10422393021.2	16787002012.7	11077488520.3
Carcinogenic effects on humans (H.A) | ECOINDICATOR 99 (H.A) | Carcinogenic effects on humans (H.A)	2902.73781736	2124.81597665	162831.377769	350.961760755	75.5166216427	2958.48875516	118954.912818	4942.23588109	1601.27611594	2140.17686279	353947.370198	712.955934489	21.3511851834	169.645356435	92195.9311011	1211.08049264	2386.04625862	1739.66181265	104301.916682	309.377373944	18.283684575	534.723927146	15687.0322024	431.297001653	289.101647002	40.1244844584	1802.93788819	1.10094205851	0.0395476911651	25.4411459638	766.525302633	22.9330227031	277.470287106	4921.05445457	61183.4199443	195.951411506	10.3481383698	213.517933504	2789.6160326	314.282942707	1781.52897988	10656.7801917	293853.124602	3224.46554299	105.965255242	1388.51391293	83808.3803524	1082.95478713
Respiratory effects on humans caused by organic substances (H.A) | ECOINDICATOR 99 (H.A) | Respiratory effects on humans caused by organic substances (H.A)	64.8385572491	509.870160493	1035.86803956	10.2619628135	1.3013191587	34.7479712049	53.2381997018	92.1596842926	86.1457157042	512.335679665	1845.35374938	16.5981304043	0.645812897321	29.5227319995	60.9589184468	83.5670766598	165.058969578	524.284155213	1319.45373426	10.4618279627	0.840775803289	16.0726028989	37.5499385963	36.4729638738	19.1177988854	59.2322772183	98.9874978054	0.179873610768	0.0255013966117	7.56378641146	4.40194055063	6.63944845129	27.1627390043	429.318808515	277.333438174	3.51679185573	0.0991781139552	24.5808475031	5.76136786053	15.0335386554	127.995905056	1400.70702469	1393.4510959	23.5115465949	0.621398561984	51.186671374	98.2446452375	68.0000493156
Respiratory effects on humans caused by inorganic substances (H.A) | ECOINDICATOR 99 (H.A) | Respiratory effects on humans caused by inorganic substances (H.A)	987501606.271	1076550653.87	134085226464	226521850.028	61734352.9538	1384708560.03	11079867128.8	1011505561.64	176104249.221	790602408.697	234928079099	310112326.917	21814024.6942	126670636.594	8420731227.61	406009160.815	300191559.647	1462294337.96	88813581093.6	119775960.885	8861089.82038	187102252.205	1472695688.8	160282672.091	25577230.6664	15792458.2766	1616913628.63	472745.946713	26054.6696137	14170556.2936	76482780.819	10606014.1091	66823579.138	4135021318.46	53194825116	102382198.274	8656570.4226	163591924.209	293831961.286	208392347.609	284507963.448	8829852146.16	254427890078	1153619362.55	63162767.9854	730596693.511	7873694488.22	483022882.963
Damages to human health caused by climate change (H.A) | ECOINDICATOR 99 (H.A) | Damages to human health caused by climate change (H.A)	23343.8673804	34080.3209517	60060.4487154	4969.97600425	1604.25842413	5153.67313258	17611.8329979	11645.3181214	61100.1030925	51819.9102298	281124.371959	18181.2545846	4728.26909509	1974.1757261	12227.5224384	8456.77263284	60610.1010922	29131.5574399	46631.3939426	6657.9410048	807.087404451	1483.8287919	6958.16187889	4248.91916627	9387.08300162	10579.1426454	3869.58569435	375.724206461	174.023360935	619.894144575	952.221229517	538.938022029	42221.0869817	35299.90221	17761.6541827	2517.98906935	45.5182079705	1614.6736646	1453.58099494	4369.2090817	70700.3343021	101278.045112	125192.094938	37806.9254497	536.752653404	7420.01534455	21474.2378722	9266.86503209
Damage to Ecosystem Quality caused by ecotoxic emissions (H.A) | ECOINDICATOR 99 (H.A) | Damage to Ecosystem Quality caused by ecotoxic emissions (H.A)	987495513.433	1076539090.32	134086520463	226521221.137	61734566.7063	1384716208.28	11079811855.5	1011498788.45	176075413.931	790289693.74	234932170501	310106898.472	21814070.3949	126651222.41	8420682807.58	405993979.538	300158969.896	1462254042.04	88814830801.5	119774573.694	8860967.72527	187101570.612	1472686667.05	160281499.09	25573084.8385	15784916.3335	1616934608.37	472729.909872	26053.9699354	14170171.9507	76481930.5345	10606004.1341	66819350.3801	4135012292.07	53195578772.9	102382096.534	8656645.86973	163586924.814	293830503.133	208388925.359	284471210.875	8829779525.13	254431433016	1153611991.73	63163305.0436	730591340.435	7873646194.49	483018158.016
Damage to Ecosystem Quality caused by the combined effect of acidification and eutrophication (H.A) | ECOINDICATOR 99 (H.A) | Damage to Ecosystem Quality caused by the combined effect of acidification and eutrophication (H.A)	24627935733.1	1309926481.48	6645579141.7	305329029.416	61621276.1788	414582917.793	5197945817.73	549180170.05	44214612164.5	2600255769.96	29792858825.7	996885681.366	66109564.4039	197719190.648	4266706400.23	152960412.459	48898033130.2	1080848193.25	7882453581.75	389844380.974	34494829.7813	174593588.611	1306009188.65	208123589.244	5202166463.73	121442387.364	582867199.018	13253780.9101	2052885.68653	50646568.3901	145471509.006	33972620.5015	20668370816.1	1217458515.1	5173243760.81	218511286.725	10130882.6039	388372384.861	265910401.111	418145459.61	101771873214	3917360347.27	67163718622.8	2377384037.48	71400270.7317	882503112.864	5195764847.1	11170601282.7
Carcinogenic effects on humans (E.E) | ECOINDICATOR 99 (E.E) | Carcinogenic effects on humans (E.E)	2902.73781736	2124.81597665	162831.377769	350.961760755	75.5166216427	2958.48875516	118954.912818	4942.23588109	1601.27611594	2140.17686279	353947.370198	712.955934489	21.3511851834	169.645356435	92195.9311011	1211.08049264	2386.04625862	1739.66181265	104301.916682	309.377373944	18.283684575	534.723927146	15687.0322024	431.297001653	289.101647002	40.1244844584	1802.93788819	1.10094205851	0.0395476911651	25.4411459638	766.525302633	22.9330227031	277.470287106	4921.05445457	61183.4199443	195.951411506	10.3481383698	213.517933504	2789.6160326	314.282942707	1781.52897988	10656.7801917	293853.124602	3224.46554299	105.965255242	1388.51391293	83808.3803524	1082.95478713
Respiratory effects on humans caused by organic substances (E.E) | ECOINDICATOR 99 (E.E) | Respiratory effects on humans caused by organic substances (E.E)	15547.6227393	27515.5406222	384696.520963	2559.1614289	580.157992817	7540.46786987	58283.0834639	15194.5362657	29136.1102644	347432.997383	1783049.2572	5755.76321163	190.192578462	20602.2784301	48489.0336704	16356.500003	33340.2650467	64278.9941081	298269.418778	1874.57770987	242.23698219	3028.99346659	9305.33347325	2325.54431619	4184.64431588	7624.84716213	17414.5872495	16.4491258579	0.725633617699	558.635752772	854.780730644	211.193705209	4984.81417328	78617.2606736	147302.860937	1021.18455631	61.4279640782	7399.72301116	2114.5259669	6371.85853815	37254.8992876	216571.164615	750269.937239	9875.8709818	426.845242384	14580.7739215	49683.7980775	10291.3588622
Respiratory effects on humans caused by inorganic substances (E.E) | ECOINDICATOR 99 (E.E) | Respiratory effects on humans caused by inorganic substances (E.E)	145588.640009	24796.8613066	136960.631411	5150.36847768	994.121538274	7128.7489465	96118.4545789	10053.3946175	261504.931836	78219.1340127	722021.873901	17566.9508187	1071.83616819	3824.76569098	77978.7265007	3962.8533495	290614.201674	21638.1302688	164518.851755	7620.69529278	695.848338975	2730.43323833	22304.08572	2650.67370357	30620.446188	2244.99445129	16434.6732319	218.544969857	33.769742919	949.592539449	2316.00836801	377.098958366	116155.086663	35760.2301659	87594.210054	3772.91589604	127.509542542	4097.85732034	4199.12043379	3600.43258572	581131.382715	81700.4004011	644117.200148	52865.0520858	825.877281104	14491.0773568	91373.860807	65672.5675523
Damages to human health caused by climate change (E.E) | ECOINDICATOR 99 (E.E) | Damages to human health caused by climate change (E.E)	23343.8673804	34080.3209517	60060.4487154	4969.97600425	1604.25842413	5153.67313258	17611.8329979	11645.3181214	61100.1030925	51819.9102298	281124.371959	18181.2545846	4728.26909509	1974.1757261	12227.5224384	8456.77263284	60610.1010922	29131.5574399	46631.3939426	6657.9410048	807.087404451	1483.8287919	6958.16187889	4248.91916627	9387.08300162	10579.1426454	3869.58569435	375.724206461	174.023360935	619.894144575	952.221229517	538.938022029	42221.0869817	35299.90221	17761.6541827	2517.98906935	45.5182079705	1614.6736646	1453.58099494	4369.2090817	70700.3343021	101278.045112	125192.094938	37806.9254497	536.752653404	7420.01534455	21474.2378722	9266.86503209
Damage to Ecosystem Quality caused by ecotoxic emissions (E.E)) | ECOINDICATOR 99 (E.E) | Damage to Ecosystem Quality caused by ecotoxic emissions (E.E))	987495513.433	1076539090.32	134086520463	226521221.137	61734566.7063	1384716208.28	11079811855.5	1011498788.45	176075413.931	790289693.74	234932170501	310106898.472	21814070.3949	126651222.41	8420682807.58	405993979.538	300158969.896	1462254042.04	88814830801.5	119774573.694	8860967.72527	187101570.612	1472686667.05	160281499.09	25573084.8385	15784916.3335	1616934608.37	472729.909872	26053.9699354	14170171.9507	76481930.5345	10606004.1341	66819350.3801	4135012292.07	53195578772.9	102382096.534	8656645.86973	163586924.814	293830503.133	208388925.359	284471210.875	8829779525.13	254431433016	1153611991.73	63163305.0436	730591340.435	7873646194.49	483018158.016
Damage to Ecosystem Quality caused by the combined effect of acidification and eutrophication (E.E) | ECOINDICATOR 99 (E.E) | Damage to Ecosystem Quality caused by the combined effect of acidification and eutrophication (E.E)	24627935733.1	1309926481.48	6645579141.7	305329029.416	61621276.1788	414582917.793	5197945817.73	549180170.05	44214612164.5	2600255769.96	29792858825.7	996885681.366	66109564.4039	197719190.648	4266706400.23	152960412.459	48898033130.2	1080848193.25	7882453581.75	389844380.974	34494829.7813	174593588.611	1306009188.65	208123589.244	5202166463.73	121442387.364	582867199.018	13253780.9101	2052885.68653	50646568.3901	145471509.006	33972620.5015	20668370816.1	1217458515.1	5173243760.81	218511286.725	10130882.6039	388372384.861	265910401.111	418145459.61	101771873214	3917360347.27	67163718622.8	2377384037.48	71400270.7317	882503112.864	5195764847.1	11170601282.7
Carcinogenic effects on humans (I.I) | ECOINDICATOR 99 (I.I) | Carcinogenic effects on humans (I.I)	167.058868867	277.715774434	17090.1717188	57.7346621135	8.29587982644	253.658232344	7092.08353641	373.717302257	13.4493188717	407.877289497	48609.6283593	189.921553278	2.19071737572	22.7623406859	5481.79770095	312.496563027	30.1145993846	210.142924269	11861.4195837	71.7945565795	2.36319909156	46.8335766063	941.961098469	86.9988780049	1.53223745743	9.80760951383	205.218051565	0.201644406509	0.00511386035084	3.22856282795	45.8922882766	2.4815132636	6.72990808771	575.520043526	6880.66632438	41.1908064336	1.20813770498	26.7303348644	171.347127386	42.0172184298	26.2841636541	1345.18542154	33269.7862683	840.161702479	12.1023655393	197.811392379	5019.04072493	153.08834586
Respiratory effects on humans caused by organic substances (I.I) | ECOINDICATOR 99 (I.I) | Respiratory effects on humans caused by organic substances (I.I)	85.6704256084	512.160227456	967.43777124	9.77346148863	1.25485280378	33.0662055187	49.7676340586	97.8779062455	156.180524362	549.716561057	1719.48853619	15.7878288106	0.683554409124	27.559847005	56.7580361297	91.9922794625	232.552085456	525.966520044	1232.48457533	9.85185155279	0.790976361629	15.0601566401	34.949877354	39.7509079114	30.0110837249	77.010162241	92.174835095	0.170554093069	0.0241303791489	7.07087395754	4.10847761442	7.19604332046	84.8197114141	477.815143939	272.046769411	3.63788807319	0.126161028109	24.053125649	5.95971501767	23.0865814316	223.375883391	1472.35651286	1339.2202256	22.6486793349	0.697271841775	48.7353929012	91.6083096034	75.7141069609
Respiratory effects on humans caused by inorganic substances (I.I) | ECOINDICATOR 99 (I.I) | Respiratory effects on humans caused by inorganic substances (I.I)	89737.7203256	25528.6211016	318029.812249	2525.10512958	508.110744283	6707.12084594	59111.6193766	13702.5248087	162901.317447	290803.028535	1559462.75647	6666.50316583	196.456994883	15806.7285021	47982.3586887	13461.0357993	178597.996118	51549.6853208	279167.20867	3208.13725071	403.472174522	2967.14185693	9168.45119373	2424.20524878	19514.9171776	5897.72275425	20555.235523	27.2150496237	2.76850122103	609.614866538	793.658222261	283.34173384	70791.212745	75277.109406	148965.125315	1926.02044473	87.3919503726	6843.59529431	2253.26653454	6491.47026195	354458.09186	182473.96581	861359.956431	25951.4699197	639.411559478	15651.8178968	48564.9894391	44810.9243721
Damages to human health caused by climate change (I.I) | ECOINDICATOR 99 (I.I) | Damages to human health caused by climate change (I.I)	22864.6139007	33144.4619607	57307.2723142	4737.95578575	1528.73076335	4923.17159703	16780.3069338	11310.6863229	60006.1845071	50660.6467915	267846.442482	17322.8399931	4504.61117707	1882.4868485	11648.4483976	8307.14951905	59542.6580397	28429.2355609	44540.6554972	6343.84396196	768.975775047	1415.94994661	6630.48342953	4154.85193508	9232.86878011	10461.8962785	3689.41716809	357.902235633	165.7449648	591.201145665	907.571839871	531.644899135	41617.1879023	35009.003225	17218.1068997	2405.67436199	44.0446119498	1564.34730556	1396.06434498	4329.14011626	69586.1088835	99458.6198081	120083.205822	36023.5246649	513.748319107	7090.92806912	20461.221406	9051.70446547
Damage to Ecosystem Quality caused by ecotoxic emissions (I.I) | ECOINDICATOR 99 (I.I) | Damage to Ecosystem Quality caused by ecotoxic emissions (I.I)	138733729.231	113952675.95	12835837758	26044021.2889	6707326.96858	150407149.532	1635411239.74	124718534.139	75818053.4721	120693631.257	28727302236.5	45200899.5105	2655469.80864	18983299.3756	1252065534.95	55089387.7841	113047508.688	196782692.311	11677279721.5	16990341.4718	1207098.62559	25866477.6441	218969763.068	21738839.1237	12836127.2511	2351067.80048	144780931.914	84341.5857354	5403.66363357	1743996.14017	11507323.9583	1124726.7348	16677179.9116	552328247.936	7101377881.45	14114415.8759	1168028.37342	22419614.713	42854842.3943	27591955.1518	96482179.7244	1183067553.23	33966173020.9	161629855.523	8487277.29061	99255630.8439	1170692098.96	66572215.8137
Damage to Ecosystem Quality caused by the combined effect of acidification and eutrophication (I.I) | ECOINDICATOR 99 (I.I) | Damage to Ecosystem Quality caused by the combined effect of acidification and eutrophication (I.I)	24627935733.1	1309926481.48	6645579141.7	305329029.416	61621276.1788	414582917.793	5197945817.73	549180170.05	44214612164.5	2600255769.96	29792858825.7	996885681.366	66109564.4039	197719190.648	4266706400.23	152960412.459	48898033130.2	1080848193.25	7882453581.75	389844380.974	34494829.7813	174593588.611	1306009188.65	208123589.244	5202166463.73	121442387.364	582867199.018	13253780.9101	2052885.68653	50646568.3901	145471509.006	33972620.5015	20668370816.1	1217458515.1	5173243760.81	218511286.725	10130882.6039	388372384.861	265910401.111	418145459.61	101771873214	3917360347.27	67163718622.8	2377384037.48	71400270.7317	882503112.864	5195764847.1	11170601282.7
Unused Domestic Extraction	131506.477691	1517961.92441	0	0	0	0	0	0	300110.637638	1963825.31157	0	0	0	0	0	0	278967.073074	2172033.56077	0	0	0	0	0	0	12649.983066	3974253.76535	0	0	0	0	0	0	159467.784697	1693935.06422	0	0	0	0	0	0	253410.363423	1349884.14796	0	0	0	0	0	0
Water Consumption Green - Agriculture	125616.852849	0	0	0	0	0	0	0	393603.113081	0	0	0	0	0	0	0	362537.472639	0	0	0	0	0	0	0	30706.8452473	0	0	0	0	0	0	0	333705.128548	0	0	0	0	0	0	0	444490.734374	0	0	0	0	0	0	0
Water Consumption Blue - Agriculture	6474.60076057	0	0	0	0	0	0	0	76378.6260938	0	0	0	0	0	0	0	31446.596893	0	0	0	0	0	0	0	3646.85216575	0	0	0	0	0	0	0	14047.7115241	0	0	0	0	0	0	0	136319.096529	0	0	0	0	0	0	0
Water Consumption Blue - Livestock	598.928420054	0	0	0	0	0	0	0	1582.06747948	0	0	0	0	0	0	0	1809.34720424	0	0	0	0	0	0	0	242.2170553	0	0	0	0	0	0	0	1254.246636	0	0	0	0	0	0	0	1547.59117176	0	0	0	0	0	0	0
Water Consumption Blue - Manufacturing	0	0	1773.8528167	0	0	0	0	0	0	0	14398.1823909	0	0	0	0	0	0	0	870.193082019	0	0	0	0	0	0	0	17.2161003208	0	0	0	0	0	0	0	1687.08385597	0	0	0	0	0	0	0	3265.84201526	0	0	0	0	0
Water Consumption Blue - Electricity	0	0	0	186.096871182	0	0	0	0	0	0	0	56.274366647	0	0	0	0	0	0	0	96.5957227958	0	0	0	0	0	0	0	0.617829611732	0	0	0	0	0	0	0	0.479681825377	0	0	0	0	0	0	0	242.325496182	0	0	0	0
Water Consumption Blue - Domestic	0	0	0	0	0	0	0	0	0	0	0	0	0	0	0	0	0	0	0	0	0	0	0	0	0	0	0	0	0	0	0	0	0	0	0	0	0	0	0	0	0	0	0	0	0	0	0	0
Water Consumption Blue - Total	7073.52918062	0	1773.8528167	186.096871182	0	0	0	0	77960.6935733	0	14398.1823909	56.274366647	0	0	0	0	33255.9440972	0	870.193082019	96.5957227958	0	0	0	0	3889.06922105	0	17.2161003208	0.617829611732	0	0	0	0	15301.9581601	0	1687.08385597	0.479681825377	0	0	0	0	137866.687701	0	3265.84201526	242.325496182	0	0	0	0
Water Withdrawal Blue - Manufacturing	0	0	9762.12015594	0	0	0	0	0	0	0	48538.9054143	0	0	0	0	0	0	0	7137.61216486	0	0	0	0	0	0	0	198.860549561	0	0	0	0	0	0	0	4412.19679552	0	0	0	0	0	0	0	25785.3245861	0	0	0	0	0
Water Withdrawal Blue - Electricity	0	0	0	6701.62191445	0	0	0	0	0	0	0	3937.32847762	0	0	0	0	0	0	0	4406.54791611	0	0	0	0	0	0	0	1.18879791137	0	0	0	0	0	0	0	0.559628796274	0	0	0	0	0	0	0	25106.6658694	0	0	0	0
Water Withdrawal Blue - Domestic	0	0	0	0	0	0	0	0	0	0	0	0	0	0	0	0	0	0	0	0	0	0	0	0	0	0	0	0	0	0	0	0	0	0	0	0	0	0	0	0	0	0	0	0	0	0	0	0
Water Withdrawal Blue - Total	0	0	9762.12015594	6701.62191445	0	0	0	0	0	0	48538.9054143	3937.32847762	0	0	0	0	0	0	7137.61216486	4406.54791611	0	0	0	0	0	0	198.860549561	1.18879791137	0	0	0	0	0	0	4412.19679552	0.559628796274	0	0	0	0	0	0	25785.3245861	25106.6658694	0	0	0	0
Carbon dioxide (CO2) IPCC categories 1 to 4 and 6 to 7 (excl land use, land use change and forestry)	19450.0816968	92375.0921728	272548.315682	23120.2406424	7542.22318715	22855.0081451	82796.7835974	32984.6252246	35460.6554972	114584.989148	1323006.69257	85676.8688504	22360.5460136	9117.38673592	57644.9509121	14850.4024142	40636.4402973	69730.9549148	205147.006243	31295.9541276	3786.74062488	6677.89138498	32308.4070929	8948.87322913	3393.3765189	11697.2790423	17783.1870979	1780.47601493	827.684130691	2847.46506459	4400.86386582	675.098324717	4752.95228845	28606.3830613	46322.9472375	11061.0074604	132.554251395	4189.85453332	5584.43099975	2847.34559125	47000.6620172	181175.90781	498287.147607	177873.06577	2230.84924821	32283.5773057	100558.074572	20684.8911259
Methane (CH4) IPCC categories 1 to 4 and 6 to 7 (excl land use, land use change and forestry)	2274.04609722	3205.56300737	373.573065568	19.6422133236	3.79667277603	64.3162974139	23.0113517565	1025.61358429	6762.25322062	6168.44402253	331.538174137	29.979365578	6.98741438199	9.50880580139	7.16736438864	1201.76578826	6974.06264925	3239.22389347	497.905106645	10.6426199253	0.814467818409	10.2822200879	3.45819207113	491.69739601	1088.33134144	1843.92054744	12.9723406884	0.279650887191	0.0354663434025	3.29498101016	1.39329390728	86.252738555	5283.45570488	6613.27764377	1232.96278436	31.72471154	2.92424837348	104.860294031	51.3310047991	771.206630865	9091.54446038	14297.870476	3731.49884564	67.5596113307	10.3763128057	99.0112462052	23.0429935158	1053.43191814
Nitrous Oxide (N2O) IPCC categories 1 to 4 and 6 to 7 (excl land use, land use change and forestry)	0.738310145922	1.19383525222	3.84924540479	0.340840309379	0.0374997302439	0.504983973918	1.66313915282	0.670782360045	1.35096200883	2.56781552345	13.4316500937	0.811620019941	0.0262286225205	0.238784873708	1.31226584021	0.240353878106	2.82562496813	0.752739085897	8.20328389548	0.479836608414	0.0906086801789	0.154486923152	2.21350086732	0.163055520844	0.170484685077	0.13610589681	0.582114131416	0.00860504279605	0.000777414187353	0.0843536271742	0.275695599229	0.0195366805362	0.2523699144	0.25075178499	1.3911150209	0.0787049908234	0.00275067983994	0.24276749873	0.213801254084	0.0694962940376	1.68437288269	1.57163269266	6.87044191408	1.17935236293	0.0175306803597	0.55625794064	3.4858125385	0.31300609523
Carbon dioxide (CO2) CO2EQ IPCC categories 1 to 4 and 6 to 7 (excl land use, land use change and forestry)	19450.0816968	92375.0921728	272548.315682	23120.2406424	7542.22318715	22855.0081451	82796.7835974	32984.6252246	35460.6554972	114584.989148	1323006.69257	85676.8688504	22360.5460136	9117.38673592	57644.9509121	14850.4024142	40636.4402973	69730.9549148	205147.006243	31295.9541276	3786.74062488	6677.89138498	32308.4070929	8948.87322913	3393.3765189	11697.2790423	17783.1870979	1780.47601493	827.684130691	2847.46506459	4400.86386582	675.098324717	4752.95228845	28606.3830613	46322.9472375	11061.0074604	132.554251395	4189.85453332	5584.43099975	2847.34559125	47000.6620172	181175.90781	498287.147607	177873.06577	2230.84924821	32283.5773057	100558.074572	20684.8911259
Methane (CH4) CO2EQ IPCC categories 1 to 4 and 6 to 7 (excl land use, land use change and forestry)	53342.0786048	80126.7071863	9252.52776344	489.585998777	94.6064042623	1599.68705721	572.994271657	25626.4700729	159856.994312	154211.100563	8164.33259285	749.484139452	174.68535955	237.252309305	179.184109716	30044.1447065	166174.001421	80979.1901142	12195.2347736	263.909387994	19.5748046422	247.182001253	84.3882674676	12274.0531722	25709.0442723	46098.013686	309.654892712	6.99127217978	0.886658585063	81.7568868411	33.7153545288	2150.06531176	125140.44642	165300.029721	29859.9550597	773.887909267	71.3369228815	2522.30879405	1267.73809839	19138.8413087	219285.063885	357430.043784	91903.6972452	1660.26966382	251.187744079	2411.31167697	570.359210376	26250.6535983
Nitrous Oxide (N2O) CO2EQ IPCC categories 1 to 4 and 6 to 7 (excl land use, land use change and forestry)	42048.1764271	503.189441087	2181.71772955	119.084877205	14.8750680632	248.472131626	522.906572809	365.217994061	110058.67422	765.209025988	5482.16311384	241.862765943	7.81612951112	76.7344942662	391.055220381	71.6254556757	98318.6087751	241.090340488	5453.10187957	168.692142174	36.3811252442	163.729234357	684.256347442	267.700743573	17921.736459	40.5595572494	348.141215196	2.56430275322	0.231669427831	32.4996307816	95.4718469558	80.3595040277	82870.8849588	455.107602107	11906.7977028	252.674247713	21.9095971431	1254.79151078	248.914071106	1705.29749411	95904.2308068	667.626486193	18541.9765274	693.796787997	103.207449421	928.281045996	1106.90241651	1108.19653176
Carbon dioxide (CO2) Fuel combustion and cement	18251.4009164	92210.7144309	263241.906373	23113.49858	7541.19209925	22708.0151138	82772.7250073	32457.5302497	30766.1088532	114584.546397	1282354.10225	85676.7961839	22360.5074504	9115.31909823	57644.9509121	14452.1535883	34800.0924664	69647.7911333	199121.042185	31294.9118674	3786.47254544	6656.65657783	32306.3427386	8912.20366544	2517.82067878	11697.2790423	17316.5895597	1780.47601493	827.684130691	2847.10922719	4400.22875574	667.178471535	4627.37489311	28215.5675578	44512.4441462	11057.104468	132.092042578	4156.93462206	5578.20492745	2827.19618914	45284.1826353	180040.819041	488881.043829	177844.087601	2225.1300348	32020.5147272	100499.723899	20556.4223427
Carbon dioxide (CO2) Fuel combustion	18235.3326741	91795.6188005	239801.327872	23100.2472852	7539.18595262	22412.6170864	82724.2015335	32305.2352265	30766.1000099	114581.063007	1053030.24821	85675.5213338	22359.380528	9092.84065171	57644.9509121	14441.0740969	34778.6612248	69454.6474001	185584.888541	31292.4395719	3785.90470705	6607.15104288	32301.7503155	8891.04586145	2517.82067878	11697.2790423	16119.979672	1780.47601493	827.684130691	2846.74960554	4400.22875574	659.827441069	4407.85122	25715.8775636	34616.3242252	11032.1387548	129.135497624	3946.65228201	5538.42475108	2707.56170034	44055.8827256	171428.971272	420580.466079	177667.430399	2194.51476305	30391.0252013	100138.312098	20049.7384807
GHG emissions (GWP100) | Problem oriented approach: baseline (CML, 1999) | GWP100 (IPCC, 2007)	118515712671	185238242557	307557328573	23767459429.2	7658819856.24	25025024505.5	83983669706.1	62273156329.4	306220378297	276817947545	1.39750986041e+12	86783545365.1	22544361606.9	9448490121.94	58217349901.1	46255751314.1	308988964829	161352803650	236339899446	31742834087.9	3843045092.25	7097683913.77	33083609934.8	30640998333	47079584816.3	58054002394.9	18645619041.7	1790174225.73	828803359.387	2998462222.35	4530259858.26	3351777875.3	212870062811	195372723811	88460707310	12092200534.1	226333055.334	7971157936.58	7102139198.29	23779988289.9	362852149702	543314829837	612245799871	180245516017	2589102948.54	35647514778.1	102245463446	49229056139.7
GHG emissions (GWP100min) | Problem oriented approach: non baseline (CML, 1999) | net GWP100 min(Houghton et al., 2001)	115090138717	179846451738	317773467604	24032105299.9	7709859227.04	25305134031.3	88371615189.5	60695019411.3	294774360632	267701444712	1.44099946609e+12	87592789082.1	22590172827.8	9722156035.06	61864713491.4	44142167231.8	298108451088	156100505978	242619980846	32034137600.2	3864097674.45	7195321789.98	34497753648.3	29754917096.3	45177465352.2	54473544632.2	19399759349.8	1801498783.67	830548415.656	3039585309.17	4665583442.03	3193300931.17	202682980185	183099105897	88724031033.7	12155841633.7	224475393.289	7923416477.03	7203515393.04	22316117378.2	347111505198	518672210380	619510340289	181681629886	2589655253.29	35937358696.2	106809353269	47458726060
GHG emissions (GWP100max) | Problem oriented approach: non baseline (CML, 1999) | net GWP100 max(Houghton et al., 2001)	115671168709	180153969379	331006149890	24167488731.5	7728623813.09	25525967398.2	88950534412.1	60980901089.9	296040693656	271554567198	1.49086377438e+12	87731855808.9	22596963570.9	10014360175.5	62328883790.5	44558349190.9	300547460758	157011472042	248955547794	32090515003.9	3867305037.31	7252424428.07	35219732827.6	29817223349	45373750236.1	54500052391.5	20405970842.9	1802839688.64	830691390.037	3061786927.61	4708741332.91	3202958161.84	202975640351	183944287014	91240903324.6	12175405839.5	225311348.109	8046893434.69	7254028483.17	22402039056.9	347953878120	521648057300	631763995497	181812226122	2595365078.45	36109624639.3	107628195287	47717524636.6
GHG emissions (GWP20) | Problem oriented approach: non baseline (CML, 1999) | GWP20 (IPCC, 2007)	217360860181	335275734652	324001299348	24682714135.9	7835820932.63	28005254085.9	85040054913.8	110284897790	603381456673	566155546570	1.41190854282e+12	88183211646.9	22872511174	9891163380.6	58540252628.1	102692133852	618341459874	313347254835	258882073137	32233172436.9	3878713726.46	7556803526.99	33220134685.3	53526024962.7	94870629850.2	144714862441	19213750863.3	1803233980.5	830462380.116	3150901546.15	4590605852.96	7391056280.5	445618037922	505992123565	144201609340	13538780383.7	359715668.248	12673918290.5	9477650376.38	59699190313.8	772170306847	1.21500661916e+12	784313177939	183344143759	3057990622.9	40149544700.2	103280393988	98487598032.3
GHG emissions (GWP500) | Problem oriented approach: non baseline (CML, 1999) | GWP500 (IPCC, 2007)	61177566139.7	130062839745	301298392061	23370222449.6	7586238400.06	23817332059.1	83333332199.4	44484944468.7	141469822806	169907828886	1.39017962552e+12	86145854240.7	22418954699.8	9244983883.77	57900206209	25369785208	145606215654	105188099940	225413756969	31477225181	3811694451.32	6845516260.75	32690807238.8	22239333326.7	20465140666	25948091235.6	18257218960.6	1784054274.32	828072619.271	2925501239.02	4460184110.33	1816272602.32	85466804951	80261807672	61914636221.9	11431370396.2	166117248.723	5604836557.89	6098648110.44	9643819793.35	163615906045	294481376153	539363843467	178752901969	2364347029.63	33517853585	101307100905	30502637683.6
ozone layer depletion (ODP steady state) | Problem oriented approach: baseline (CML, 1999) | ODP steady state (WMO, 2003)	1165.06782557	9161.72944638	18613.2538358	184.394644306	23.3830786328	624.377607587	956.623900893	1655.99432713	1547.93082906	9206.03174398	33158.7001842	298.247655701	11.6044504987	530.486590616	1095.35556584	1501.59590873	2965.9033596	9420.73091397	23708.9342876	187.985971205	15.1076902154	288.804583339	674.725459152	655.373569608	343.522948722	1064.32998127	1778.68160119	3.23210394349	0.458228220367	135.911787081	79.0973692691	119.302589359	488.080466484	7714.32234052	4983.33521719	63.1923536577	1.78210673513	441.687103573	103.524578744	270.133897714	2299.92641898	25168.9543499	25038.5743794	422.473102877	11.1657554106	919.76050125	1765.33346911	1221.87588614
human toxicity (HTP inf) | Problem oriented approach: baseline (CML, 1999) | HTP inf. (Huijbregts, 1999 & 2000)	32928399845	34542541116.1	3.87414751745e+12	5048821620.53	1831478081.59	48519509843.9	1.27043900566e+12	60097057852.5	1992048192.39	18448426808.3	1.9697713567e+13	2090244861.45	260412478.495	1384146270.01	982515043179	4360689230.33	5463482563.11	57099739252.9	3.55335111953e+12	2044354537.56	322153075.652	8973783593.65	167547210801	4069978127.93	283856604.836	655719188.65	76411223280.5	6859252.2717	718649.393567	531886379.598	8212783867.11	547672819.668	1930642918.11	156298580237	1.98990337453e+12	2439164010.84	309199703.151	5710356702.01	30669305207.3	7338838108.27	3340817566.52	328689217200	9.41242066248e+12	12166149580.9	2427954476.78	23975994011.8	894397706469	16249496244.6
Freshwater aquatic ecotoxicity (FAETP inf) | Problem oriented approach: baseline (CML, 1999) | FAETP inf. (Huijbregts, 1999 & 2000)	53591112.9353	73354244.5593	3457768002.03	10427865.2292	2208259.71688	54352854.2165	1193752693.7	81417116.1418	43200295.5245	94492369.4621	14118749433.5	23100087.1736	440485.117332	29430483.6357	922786384.951	62646577.8776	64985133.3315	51433785.5039	2413533646.04	9084953.45343	646288.059528	9405553.62877	160062605.623	14034625.0001	7660550.27763	2348603.49712	111274494.507	39472.475446	1272.97509392	2107005.96946	8233487.9965	929566.345026	8042638.53549	119085168.952	1306616230.42	5663610.50606	278721.96099	10681733.3245	29969020.496	15288801.7282	55778164.2722	273115710.431	6284330222.24	84645851.6697	2349927.00574	42832204.6053	854839992.702	32692956.1657
Marine aquatic ecotoxicity (MAETP inf) | Problem oriented approach: baseline (CML, 1999) | MAETP inf. (Huijbregts, 1999 & 2000)	122610305699	1.29192284927e+12	9.33614168786e+12	50255804361.2	9666476126.8	228793963121	5.23216814595e+12	466038807912	39876586879.7	1.59645329168e+12	2.67296744743e+13	135453678780	2358719530.08	21065160509.8	4.05015384943e+12	178343783910	71495901504.4	179003467487	6.30890594898e+12	83710939845.4	10339705743.3	34971079934.7	698541026825	50854682669.8	5305876891.94	10212841713	141984808011	218977967.901	3920370.42217	17300152591.4	35973237171	2945816684.45	9381888827.27	332827686427	3.58174410207e+12	27963826533.9	829885921.353	17307529796.7	124285577576	24545200973.7	80774812318.5	811611208194	1.75977107359e+13	524521034306	9882365830.41	157445124363	3.72499840386e+12	130512696677
Freshwater sedimental ecotoxicity (FSETP inf) | Problem oriented approach: non baseline (CML, 1999) | FSETP inf. (Huijbregts, 1999 & 2000)	132054347.253	114979766.474	7281197303.98	24598474.2129	4772109.87757	125430407.271	3005004718.2	198195930.965	116461752.624	171504277.267	23607432235.8	57536194.8772	1006728.64515	91461746.5355	2323438131.16	177368976.925	171711934.226	72827874.8606	3872361766.4	20623808.6686	1186809.89707	20304281.9223	401803642.547	35316574.7084	20586841.8342	3171439.04977	274343030.05	97789.0748206	2071.71039402	4945896.40659	20545140.3477	2007559.01551	20017151.2746	190612491.14	2045766537.98	13198923.5659	531882.287321	26535477.6081	75316364.0455	40068682.1175	147530411.422	434992656.224	9972414145.86	210716577.656	4717617.81811	102774047.187	2151284058.6	78674609.4123
Marine sedimental ecotoxicity (MSETP inf) | Problem oriented approach: non baseline (CML, 1999) | MSETP inf. (Huijbregts, 1999 & 2000)	116626059496	630869442364	8.85998221701e+12	42288053551.1	7211220661.48	184067801323	5.12421268723e+12	338017820733	37826672719.3	824468882083	2.53385837659e+13	127175905655	1948291002.87	21334167904.4	3.9678084064e+12	177954052691	68550004781.6	142992408591	6.05210889436e+12	59076795446.4	5220831056.91	32038069775.2	684708167240	49912738149.4	5128437706.6	7971791672.96	128979537800	159776186.528	3801659.40643	9010811694.25	35078127329.7	2175977629.58	8999061984.01	305467178102	3.46236725424e+12	25496983143	762418906.57	16988884484.1	121904605148	23759017472	74603642678.1	755453727221	1.69027669393e+13	488746356484	7977609342.92	134313685000	3.65605140594e+12	109205574983
Terrestrial ecotoxicity (TETP inf) | Problem oriented approach: baseline (CML, 1999) | TETP inf.(Huijbregts, 1999 & 2000)	299437741.431	363713844.651	36518552017.8	46382605.781	16312313.2831	447456490.795	9676506085.84	499245879.478	8438979.61422	212604004.401	76736123748.3	17150351.8535	5479491.0585	22243254.1543	7473994239.11	30983607.0661	30245515.447	436215808.803	27834274189.3	21673576.8426	3178353.38821	70891372.939	1272559998.39	31163474.2811	645764.440535	1790360.50153	990965233.645	100162.151782	2374.82103414	6401286.36565	62305549.4745	6035494.6082	13065994.0825	1270497198.85	16315233763.6	19839286.9504	2552351.38249	44975032.8062	233333520.905	57091751.6265	16163892.8625	2600967810.38	78119657596.4	90244595.5824	19943309.5164	207385208.475	6800461707.46	137028796.537
human toxicity (HTP20) | Problem oriented approach: non baseline (CML, 1999) | HTP 20 (Huijbregts, 1999 & 2000)	18839700383.9	13873010673.4	1.15607775335e+12	1853767950.78	500831126.24	25444435578.1	1.26439265218e+12	47414070264.7	1212082446.24	10500207883	982760376499	1617649222.01	159542727.163	604097750.244	981135401032	2134264024.4	3168953088.17	8519395210.39	506920830000	912319553.724	111502170.291	4397583675.72	166590722521	1645470515.23	111059566.328	119352814.085	9133969584.96	4999752.81392	490544.427817	147549871.884	8165668947.53	154858346.57	456458041.801	23511501755.3	298416719821	610186805.073	50905787.9808	962354675.205	29255258802.2	1319032855.58	1989126728.69	50124926736.8	1.43984314217e+12	7144900614.05	637811039.717	7620190533.91	890308227707	6417417725.97
Freshwater aquatic ecotoxicity (FAETP20) | Problem oriented approach: non baseline (CML, 1999) | FAETP 20 (Huijbregts, 1999 & 2000)	24489419.1703	11890327.4858	925110764.923	2262422.93691	588126.95406	13795377.7646	71750502.7017	20073183.3892	33863469.1025	13605718.8428	3594754007.03	1566826.23808	43319.0640225	22802221.6523	54044521.528	29575089.9178	47319085.5756	4774666.26058	310753765.833	905351.968792	123951.857316	1499861.35827	9726397.66611	4115226.47606	6267943.56544	109814.419069	60745261.6651	12775.4864795	50.8494434902	948942.242073	486612.437389	346324.757923	5313784.35619	15984546.4769	125823233.313	873909.10224	52495.5714792	5240083.40673	2902089.57621	8366739.91365	37907422.8052	28719063.8651	625207688.018	6557106.5586	456175.697351	13871717.5129	52567566.3778	10094259.0051
Marine aquatic ecotoxicity (MAETP20) | Problem oriented approach: non baseline (CML, 1999) | MAETP 20 (Huijbregts, 1999 & 2000)	628201886.2	340238584.844	34627879973.4	97296854.21	22957685.7336	580903474.137	11058717417.4	898854531.472	603187291.355	475022512.066	123380327246	140852029.446	3794546.57705	651556616.064	8537285311.54	916606674.145	877874999.37	274009907.242	15743458524.9	49710234.9243	4159884.29902	83051010.1298	1479321869.61	148105693.362	107916793.413	8233231.35378	1801443392.38	448517.554126	7529.85601171	28346459.0268	76045210.4585	11144967.3996	102803158.821	777911394.88	7708571622.47	41984198.1834	2375394.76792	164102707.117	291699341.254	250424716.934	747759916.127	1621042597.09	37615623315.8	446662682.212	19751761.5288	496161357.848	7939075851.87	369638658.779
Freshwater sedimental ecotoxicity (FSETP20) | Problem oriented approach: non baseline (CML, 1999) | FSETP 20 (Huijbregts, 1999 & 2000)	71387323.6538	22930059.2469	2944512683.17	6894166.119	1812650.82808	42702059.7635	179782897.734	60253896.1474	96585449.0468	25120934.1817	11464107080.8	3981500.83209	116664.434226	74154988.8857	134270555.699	95115828.3145	134929067.333	13781293.6311	960652702.784	2094777.52339	276835.016527	4496176.82875	24486387.811	13001896.0249	17888215.0941	257876.211608	197348679.168	39551.0679889	127.257701252	2883797.5538	1209988.13292	1092877.54877	15254409.2959	49196158.7539	380589385.873	2606114.8697	162992.067521	16908927.1076	8178713.06287	27015327.8701	108257654.656	86599795.1325	1891204496.96	17241916.5369	1383234.92832	43710789.1318	132851975.85	31599045.7861
Marine sedimental ecotoxicity (MSETP20) | Problem oriented approach: non baseline (CML, 1999) | MSETP 20 (Huijbregts, 1999 & 2000)	1615799822.41	648471843.598	91531222907.1	233543577.712	58439880.6093	1434407678.84	18890237206.9	2135323551.55	1684017779.72	835065154.786	342555383500	240848713.077	7184729.01171	2005121703.44	14522590143	2657422220.92	2409887642.37	588041915.462	36627908132.5	89470674.069	8650172.94647	182217261.563	2532210236.25	392393331.662	305811404.868	14229347.663	5396928994.38	1180573.02921	12942.6898932	79402558.8261	129456333.912	31080815.6671	282657501.257	1829320577.13	16730936098	93838346.362	5746598.47908	479931058.768	545780504.308	746414187.609	2015187712.02	3570157044.4	81969526474	796544245.675	47528780.4456	1326548598.57	13613073976	972586621.187
Terrestrial ecotoxicity (TETP20) | Problem oriented approach: non baseline (CML, 1999) | TETP 20 (Huijbregts, 1999 & 2000)	1664833.84701	3653653.98924	116933316.099	219119.367522	64282.5478902	2441869.68772	106862681.892	4756914.63529	167620.050336	3842641.25065	465728144.855	165782.396189	15422.024064	369126.459414	82970227.5752	523280.629951	359927.667116	1508337.27898	86919288.665	272475.49775	31297.3271163	463109.133575	14083263.1657	205077.652367	20719.7777888	29858.0637775	6363250.60449	2099.9418476	30.7943061707	73586.0465432	690332.795173	46009.8263287	62698.0155548	4487272.30506	49261164.2886	108001.248108	9386.90755999	203841.645776	2511332.55066	313956.414017	240601.66898	8125387.97381	235746978.356	829817.261472	91839.3694164	1342420.88289	75238825.0149	959120.273125
human toxicity (HTP100) | Problem oriented approach: non baseline (CML, 1999) | HTP 100 (Huijbregts, 1999 & 2000)	18842557749.4	13882252437.2	1.15695983966e+12	1854889220.1	501386684.952	25451545927.4	1.26440462979e+12	47418935706	1212219538.33	10508133678.2	983857787993	1617826382.9	159584784.975	604744661.61	981144173238	2134906118.36	3169462464.04	8525116356.77	507459547220	912764341.307	111596680.655	4398568293.79	166592390295	1646078859.06	111072683.336	119377800.188	9167738257.81	5006865.35215	490557.082566	148011663.055	8165746955.12	155025699.627	457288747.681	23535686667.3	298685804824	610783733.175	50970062.9234	963294978.021	29256107269.9	1320660468.13	1989843567.49	50169783734.7	1.44116676344e+12	7146720685.43	638224251.833	7628418618.89	890317575162	6420577155.75
Freshwater aquatic ecotoxicity (FAETP100) | Problem oriented approach: non baseline (CML, 1999) | FAETP 100 (Huijbregts, 1999 & 2000)	26717005.8206	27347935.6006	1109012969.32	3014619.585	757254.375394	17895618.6435	157378232.168	27807917.2316	34558645.7092	32624671.1735	4206187022.52	3035665.54625	76996.3087695	25303042.9538	120289865.791	33946096.4327	48587905.2714	7213681.62963	406536730.418	1836119.64167	252307.034152	2074261.28627	21165959.0395	4967486.27403	6361360.71624	227819.828788	68537728.6598	16464.7250617	111.199097241	1245480.17211	1079502.79015	413771.254143	5493473.9162	20984983.5271	175204866.217	1221268.55306	67053.9373475	5941334.48978	5025892.55216	9415641.30989	39390582.0608	39982331.2746	868095306.639	11622095.8143	606681.754445	16894438.0179	113772089.645	12475117.5033
Marine aquatic ecotoxicity (MAETP100) | Problem oriented approach: non baseline (CML, 1999) | MAETP 100 (Huijbregts, 1999 & 2000)	1666800635.97	1487217028.34	95220805490.6	332904598.138	69960429.5129	1913645078.6	63442567872.1	3215387230.03	996452445.488	2307833175.83	289275032487	751321074.286	19349070.7349	938749738.515	49172016084.6	1752735926.57	1606553643.05	1170740917.73	59160029549.7	245323640.439	17064919.0963	344804650.294	8467811922.78	392367011.183	161370703.812	43506593.6592	3030092035.75	1224692.34377	42895.4310301	62026352.6171	437437493.627	25364773.3063	192599725.996	2860188059.05	32754237138.1	161199778.459	8237129.84619	313856014.71	1523764282.91	433659412.484	1523959895.47	6656760198.02	158570900263	2214332709.16	68304814.0445	1304544897.4	45375879955.5	1016385247.48
Freshwater sedimental ecotoxicity (FSETP100) | Problem oriented approach: non baseline (CML, 1999) | FSETP 100 (Huijbregts, 1999 & 2000)	77438274.7283	44032680.6536	3489877202.11	8780260.83817	2226856.32568	53131997.206	396013064.183	78011238.7755	98321967.4362	52121677.136	13331090210.2	7556599.45523	193193.977656	82869343.1321	301428627.548	109190099.638	138124775.442	19342624.4534	1225497044.33	3809873.52588	464928.526621	5985946.19177	53405299.1341	15534352.9213	18124931.8517	499406.262378	223103569.449	48474.4781815	278.869961474	3490796.62189	2701557.9743	1274952.96265	15734567.1596	62593506.5198	513737900.897	3491577.9143	202824.541393	19208910.718	13673301.3082	30499612.8384	111982150.282	116119672.983	2543450139.23	29501343.1896	1751199.61499	52064699.0795	287776243.386	37991918.295
Marine sedimental ecotoxicity (MSETP100) | Problem oriented approach: non baseline (CML, 1999) | MSETP 100 (Huijbregts, 1999 & 2000)	2848836110.71	1762782650.8	167997911830	507602090.912	115303795.289	3037895734.77	79098264520.7	4850580359.9	2132339523.85	2647706296.95	556603059605	904004878.695	25379158.8432	2475070034.73	61216617545	3731975233.31	3241942832.65	1651374346.46	89888234714	296514549.621	22060814.3411	489552278.158	10563004185.8	681823925.303	366706704.31	52437528.1079	7232015495.14	2115947.08003	54156.2179752	120379080.644	544443784.658	49184270.9027	387758977.71	4380145351.55	47232443584.6	228537400.591	12878892.4707	684767675.862	1969476032.92	1007412658.85	2902886562.85	9601428422.04	229136437929	2672641343.2	105565885.582	2316904704.05	56640502459.4	1752897551.88
Terrestrial ecotoxicity (TETP100) | Problem oriented approach: non baseline (CML, 1999) | TETP 100 (Huijbregts, 1999 & 2000)	7676205.92541	16492969.2643	545062709.651	999867.939678	294481.815245	11373004.2456	509626134.704	22144519.2493	451061.055879	17210384.2285	2144593511.66	781607.163353	74119.52826	1165523.30563	395709893.831	1769386.202	1233288.46635	7177582.01832	415152005.448	1261546.46351	141397.489005	2189458.32859	67158775.825	890397.300446	34360.8664315	138795.430875	28860036.7643	9602.93435983	146.440184985	318159.06063	3292107.99871	210726.429119	243292.693279	21351463.7101	236862384.34	500985.584164	44186.9735866	850568.991882	11947427.089	1296937.07653	744458.786857	38845271.7379	1132945165.67	3899439.72725	430701.679787	6083502.43957	358782583.563	4338391.68647
human toxicity (HTP500) | Problem oriented approach: non baseline (CML, 1999) | HTP 500 (Huijbregts, 1999 & 2000)	18847422476.9	13895211384	1.1577461674e+12	1855947391.5	501744510.461	25459324269.8	1.26444104479e+12	47424805918.4	1212459760	10518424300.7	985087994242	1618211412.42	159697042.588	605210573.523	981171418579	2135308687.32	3170001187.15	8532426148.35	507905289658	913264789.053	111692255.663	4399403195.74	166597123510	1646478268.78	111100647.682	119420489.331	9180878078.98	5008459.771	490591.289362	148183216.61	8165988887.4	155104863.581	457525765.276	23556115719.7	298947607492	611116899.529	51011896.2881	964036972.078	29257122451	1321621468.85	1990375209.73	50211975648.7	1.44241898096e+12	7148130613.8	638535712.165	7631643251.01	890342865051	6422606048.76
Freshwater aquatic ecotoxicity (FAETP500) | Problem oriented approach: non baseline (CML, 1999) | FAETP 500 (Huijbregts, 1999 & 2000)	32713016.201	41881297.4632	1454533535.02	4716245.26638	1051408.0621	25935584.4746	463244600.876	42614458.9577	36929263.2529	53914944.5193	5235532740.37	8200592.03303	170011.989133	26234229.0221	357517603.527	40346132.154	52947655.6039	12999548.9896	661516603.037	3758693.98189	387852.825369	3672183.69813	62035105.5301	6885822.11523	6683362.42133	531806.051919	73731358.8742	22324.9666222	328.126725105	1509769.60373	3193401.11516	500759.654501	6020773.25739	33508351.9584	322079846.921	2197410.32003	101810.123053	6699419.77931	12208118.0912	10346179.894	44086885.0892	71730724.4909	1581601227.82	28978278.855	924935.336383	22288844.7319	332492318.306	16895310.9958
Marine aquatic ecotoxicity (MAETP500) | Problem oriented approach: non baseline (CML, 1999) | MAETP 500 (Huijbregts, 1999 & 2000)	7003213462.02	7632501809.21	390182580454	1515226038.01	303366271.321	8595604740.93	339982492390	14956198953.1	3062291487.62	12061073467.6	1.06407883541e+12	3927561266.98	101533803.211	1679242602.62	263734827940	5148607165.39	5433019771.65	5863878560.81	283836364804	1267068823.47	85052789.8115	1698455505.9	45352087811.6	1548009764.34	442011837.494	227945460.952	7535675197.26	4965686.062	230846.769199	213875637.855	2345062384.19	90477846.8092	657010980.525	13610661156.2	164312752254	766943860.602	38073489.4804	937733438.913	7988326233.15	1133418374	5572101024.65	32865551127.3	793195255923	11341269646.4	315307504.001	5162200787.39	242939488528	4134189102.4
Freshwater sedimental ecotoxicity (FSETP500) | Problem oriented approach: non baseline (CML, 1999) | FSETP 500 (Huijbregts, 1999 & 2000)	92560802.7681	69108911.466	4367262384.16	12980830.6114	2931852.99777	72789847.8074	1168746100.44	113283845.271	104257772.382	92388804.4219	15948349809.8	20614916.8944	422509.585718	85220109.7383	900759639.975	125588591.314	149064789.34	33499946.7521	1875801667.92	8286462.94959	717332.137479	9998436.71876	156667811.669	20432064.3014	18931839.4854	1235252.18293	236129532.919	62384.6596229	828.985880725	4011175.77467	8038035.719	1482479.50781	17061276.0123	94264303.7015	888992892.588	5948260.44842	290445.592654	21135920.5336	31826490.9711	32864325.0892	123718251.28	196520869.648	4364114290.07	73431750.1731	2530636.41122	65426947.5156	840478847.426	48887413.2755
Marine sedimental ecotoxicity (MSETP500) | Problem oriented approach: non baseline (CML, 1999) | MSETP 500 (Huijbregts, 1999 & 2000)	8149033633.52	6834813931.82	464333689289	1671997319.22	344357038.851	9628174327.38	352755784204	16296087572.7	4165706543.82	11093397246.3	1.33440669119e+12	4041884357.15	106719890.905	3210368792.01	273537761359	7109711069.24	7011240821.8	6304581462.22	316132429122	1274339576.69	81514763.2439	1831696067.91	47061838438.2	1831134586.64	642887836.066	231856962.754	11757295763.5	5758311.40694	241200.688124	257636163.52	2431299093.86	112882671.548	847100196.553	15180980419.5	179827810976	828606399.166	42674910.1669	1308229465.59	8368883599.75	1708289383.92	6883842914.59	35860590486.6	868433902605	11706459596.9	349938475.843	6129806443.89	252143151169	4823920430.4
Terrestrial ecotoxicity (TETP500) | Problem oriented approach: non baseline (CML, 1999) | TETP 500 (Huijbregts, 1999 & 2000) TETP 500	31675293.4157	61333994.6935	2365356139.38	4132950.42465	1232718.87034	46782795.9354	2041273351.45	87986813.4284	1528633.31408	62151440.0598	8721215938.31	3166606.34354	325563.276618	4111854.47623	1584707205.71	6504945.80648	4610084.97294	30657972.2706	1805097208.52	4847566.27863	529519.518294	8947219.29625	268981029.875	3611522.50452	87582.7242698	532063.711213	116423621.882	36847.8945261	579.567576302	1188817.49062	13183716.0812	840961.561519	989177.433138	91431151.2365	1034975604.79	2061822.74828	188228.074723	3500505.21372	47873416.1744	5235007.35216	2653617.98357	168855383.4	4950139973.87	15776929.1373	1791377.97725	24572118.0556	1437023593.33	17426144.1221
photochemical oxidation (high NOx) | Problem oriented approach: baseline (CML, 1999) | POCP (Jenkin & Hayman, 1999; Derwent et al. 1998; high NOx)	29313434.803	89825882.7275	345815312.227	3822468.90001	506079.816826	8707406.91089	33306482.0475	23694355.1373	68341776.9144	195130126.995	1202696837.61	6739904.00477	262896.905008	8376191.0406	27933076.2851	24554297.1617	93333868.2537	99228529.7324	312827567.95	4175123.20304	401694.135626	3413114.81088	16696155.7488	8575844.26899	11158409.7636	18826590.1534	34730561.5334	56171.3714449	7372.95961525	1439450.55931	1253310.63903	1503167.71447	37647384.7997	123460092.297	114178089.982	2050634.01337	69830.8032846	5901481.64939	2301738.80972	8359433.62795	80694160.409	319808512.662	520484587.184	26863320.6729	425688.106453	13747923.1196	36408923.0537	19844143.4393
photochemical oxidation (low NOx) | Problem oriented approach: non baseline (CML, 1999) | POCP (Andersson-Skld et al. 1992; low NOx)	26556381.8531	28585830.8477	267244353.488	2844752.71242	401781.514193	4864579.71456	11738822.8497	12893045.1916	70086618.8757	120241557.868	999572178.773	2991190.09328	184726.761677	5910513.45512	9333577.53288	16735999.6994	95308913.8089	40893494.5141	130126004.705	1201442.70102	69628.202529	1211263.72201	14463212.3013	4682859.94281	11124230.0751	13437599.0171	20210933.2324	28775.6555544	3107.75201765	466924.29688	872598.116908	795162.900752	40892528.3057	63187630.669	58698233.2346	607972.730946	36693.4348181	3175785.61571	1365228.47032	7077309.14147	78247276.3166	159597350.673	270806139.403	3076800.22437	184529.071702	4120486.13076	16536540.9458	12526154.5402
photochemical oxidation (MIR; very high NOx) | Problem oriented approach: non baseline (CML, 1999) | MIR 1997; very high NOx (Carter, 1994, 1997, 1998;Carter, Pierce, Luo &  Malkina, 1995 )	13182972.5143	15280414.284	107341862.728	1161401.21291	165253.713081	2022616.86457	4723032.86492	6387288.64013	35707783.2773	55498755.9743	400220759.473	1232451.27601	82275.6019293	2375593.4929	3742031.85042	8136518.82565	46099917.5918	20244398.9311	52635773.151	493244.731032	28790.8716344	496370.224866	5789335.55737	2462298.52939	5683726.15511	7587744.26376	8099236.7278	11845.8432864	1285.66041914	190694.04932	350657.583781	421268.295265	22363752.7504	33209453.6942	24912571.1367	280335.712024	18101.5462256	1391385.0684	606942.816849	3749588.0394	41824593.5931	80995582.371	112733833.229	1310413.03361	85868.6403966	1763937.4128	6641993.62043	6270493.18879
photochemical oxidation (MOIR; high NOx) | Problem oriented approach: non baseline (CML, 1999) | MOIR; high NOx (Carter, 1994, 1997, 1998;Carter, Pierce, Luo &  Malkina, 1995 )	23360716.8961	26894483.8179	194464600.916	2100143.83841	298576.290917	3649996.19646	8554767.12496	11320695.9595	63121787.247	99049384.1977	725318483.22	2226323.09636	147377.674901	4303390.68278	6780640.88779	14446998.9244	81894360.6209	35883181.1615	95280386.4884	891366.981116	51987.706791	897199.212557	10492326.8151	4340175.5528	10044663.2134	13291806.3412	14676770.0202	21400.6782348	2321.39292385	344815.395525	635229.717057	742048.132051	39282897.396	58539134.5235	44855435.6347	500369.598951	32095.683305	2496662.34853	1087406.47455	6604739.90833	73614225.2487	143230192.61	203411035.756	2358520.92678	153125.033278	3173023.44393	12032909.8449	11102762.3687
photochemical oxidation (EBIR; low NOx) | Problem oriented approach: non baseline (CML, 1999) | EBIR; low NOx (Carter, 1994, 1997, 1998;Carter, Pierce, Luo &  Malkina, 1995 )	29952203.1532	34534690.9599	248135532.281	2680844.44486	381203.147459	4661304.62875	10916283.5574	14514340.2796	80975678.8856	126798762.185	925428862.955	2842548.73437	188515.475866	5491187.42923	8651656.813	18515258.3372	104944319.417	46005380.6271	121598273.064	1137989.34663	66383.1426082	1145384.32499	13386994.5938	5571324.8175	12886526.291	17085678.4731	18726388.3841	27323.5998779	2964.22313342	440162.420185	810558.508947	952682.279684	50464773.7712	75143861.3706	57311721.2031	640537.454962	41146.4564178	3192354.88273	1390877.88298	8479533.92803	94526522.0453	183727983.795	259777952.37	3013727.44359	196059.353476	4054992.15033	15353906.6551	14238008.9631
acidification (incl. fate, average Europe total, A&B) | Problem oriented approach: baseline (CML, 1999) | AP ( Huijbregts, 1999; average Europe total, A&B)	2539888813.44	267193271.221	1589949509.94	42535655.8073	7228979.80588	66025081.4571	896777777.379	115416020.753	4581065793.29	1288807131.88	9800520504.52	150697686.379	7026631.63672	38367440.3633	707956880.438	57592775.2675	5018130671.84	231250993.731	2316279483.57	83394816.5957	8978750.61213	32180833.5306	172972321.048	31387800.7825	533594805.417	20957074.8904	270009558.96	1513731.78603	231402.379351	9829671.86568	16218303.44	5072809.84657	2130541175.67	614971897.839	1426845021.34	47449060.8486	1656535.80855	55018349.3009	38743795.9909	61447902.1646	10460556186.1	1025212600.72	10605743796.7	717611800.091	11917544.4799	193618300.143	771987342.927	1191089868.48
acidification (fate not incl.) | Problem oriented approach: non baseline (CML, 1999) | AP (Hauschild & Wenzel (1998).	2994552817.02	279202525.973	1599321865.98	49583947.1607	8946569.95555	73620185.8909	983954608.219	119058236.253	5391920487.14	1152963092.15	9297221310.3	171774708.632	9070465.79984	40676070.4003	785595332.767	53387212.1837	5928632259.01	239589654.926	2223477133.1	86297019.0337	8851635.97294	33916825.265	205720219.385	34478053.3843	630177699.75	22985501.2978	242943633.222	1901136.84436	292123.258574	10406527.6251	20452326.2197	5518773.37198	2504671097.17	547730202.369	1364460338.93	48255523.626	1772853.10169	60602065.1001	44105770.6101	65863135.9204	12322743843.6	1011570164.51	11210887030.9	689751408.673	12580818.5551	195354874.137	885025868.719	1386773128.9
eutrophication (fate not incl.) | Problem oriented approach: baseline (CML, 1999) | EP (Heijungs et al. 1992))	591468495.863	27009462.3352	131687581.203	6718858.66273	1376631.96735	9025764.46139	109316853.816	11393196.8487	1092737021.43	37194571.7952	529294658.14	21549017.5775	1484929.6007	4119138.53231	90298825.0076	2601692.99541	1188302110.46	21895342.7185	149642731.284	7972031.25771	690814.691373	3762999.05686	29086703.7386	4702021.16525	133188939.879	2579623.11154	8903230.66142	296361.773122	45818.8285826	1066785.62814	3322655.48443	802074.627447	539535894.862	17260156.5832	107826382.788	4599000.12542	234201.370752	9537858.13791	5948184.15708	10546865.6753	2374469721.23	75187260.2223	1446785649.05	43850210.7215	1599399.42271	18452019.893	112460304.628	251172602.868
eutrophication (incl. fate, average Europe total, A&B) | Problem oriented approach: non baseline (CML, 1999) | EP ( Huijbregts, 1999; average Europe total, A&B)	6730960570.93	251696932.18	1238581880.14	62364519.0401	12823161.9005	84113591.7485	1007585776.59	108207280.554	12084380778.2	339887274.334	4902494022.28	198349945.047	13671407.074	37988884.5946	832243843.517	24087772.4812	13356434318.8	201895293.3	1445188996.28	73366717.9195	6391219.90097	37217609.0022	265076397.976	48078817.6141	1422735965.67	23576023.6943	83136968.7816	2719935.13478	421579.922064	9801672.00282	30446411.1156	8205742.93178	5687365981.83	162769832.494	1074168101.11	44345177.4679	2348464.5772	95139332.4064	56055596.4837	107642356.646	27943070703.1	714793212.143	16879504661.1	411134130.446	17029426.4291	184211934.879	1034857166.29	3056389660.05
odour | Problem oriented approach: non baseline (CML, 1999) | 1/OTV	1.51783804644e+15	6.16070688319e+12	3.85799706171e+13	1.25346699905e+12	224644453524	2.69065094861e+12	2.69392569278e+12	5.69922953092e+12	2.72910923987e+15	2.76137941584e+12	5.84971638607e+13	1.3642924428e+12	27809154491.2	568476321287	1.85815669394e+12	627722910542	3.00194727566e+15	1.68418658231e+12	1.02389696725e+14	1.11256164621e+12	298102696820	3.60219163592e+12	2.15714975681e+12	6.4667487469e+12	3.20966371059e+14	96645014276.9	3.6147129495e+12	5363119720.15	537250114.005	211581119674	537039346307	1.37861700803e+12	1.30946571532e+15	6.78205252652e+12	1.6687654405e+14	3.74670915244e+12	345898725649	1.64529022453e+13	3.02185583129e+12	2.29593481503e+13	6.38494417237e+15	2.46351157461e+13	3.4413853234e+15	1.1377794862e+13	2.92631837943e+12	2.02474796578e+13	5.6298119362e+12	6.98765591251e+14
Climate change midpoint | ILCD recommended CF | Global warming potential 100 years	115421767833	174995647438	286958153494	23733148831.7	7652980601.29	24767886476.9	83903808121.6	59508560765.3	305527535952	271448663544	1.33917703672e+12	86673382907.1	22543047648.9	9431376646.37	58215190244.7	45111723646.2	305407715455	151725129818	223404190394	31729773073.5	3842708987.3	7089048295.03	33077520010.2	22124888856.7	47024236102.6	57836163445	18441014454.7	1790031725.24	828802458.704	2961774007.72	4530051144.08	2906164759.05	212807403158	194767529331	88182362985.9	12089583414.9	226030876.006	7968412708.34	7101488035.06	23725812053.2	362319060037	539999874705	609091886025	180230272403	2585968197.35	35628055671.1	102236896897	48243034856.1
Climate change endpoint, human health | ILCD recommended CF | Disability Adjusted Life Years (DALY)	161561.744686	244991.822511	401737.340483	33226.3247248	10714.1617393	34674.8175366	117464.970669	83311.2730749	427664.552809	380025.959816	1874841.9582	121342.569213	31560.2614627	13203.8758025	81501.0038895	63156.2373576	427504.571551	212414.341085	312761.672674	44421.5680188	5379.76815445	9924.55751215	46308.068371	30974.1083645	65821.9024633	80970.6013288	25817.1865573	2506.04269421	1160.3232867	4146.46175299	6342.00752658	4068.57616729	297874.708554	272673.879474	123447.235758	16925.2454343	316.428320134	11154.9343709	9941.91583752	33214.9622676	507182.205548	755998.739413	852715.881187	252321.912974	3620.28557467	49878.6506465	143130.9114	67539.3302236
Climate change endpoint, ecosystems | ILCD recommended CF | Potentially Disappeared Fraction of species (PDF)	914.323138429	1386.92602773	2275.48822302	188.197756015	60.6870443355	196.391281119	665.346054265	471.647349358	2420.0764114	2151.05395268	10619.556189	687.309927545	178.764538646	74.7876357647	461.640546285	357.436023585	2419.18786448	1202.37459998	1771.42105257	251.61269435	30.4721032834	56.2119580709	262.296683875	175.330259787	372.456262755	458.179371284	146.230480012	14.1948546497	6.57239218985	23.4857083173	35.9219624412	23.0235446607	1685.43846997	1542.85220212	698.862874616	95.8600125059	1.79148259607	63.151080593	56.2995034317	187.936627695	2869.98787078	4278.62391485	4828.98733072	1429.20217398	20.5031346614	282.496629138	810.721238886	382.294796129
Human toxicity midpoint, cancer effects | ILCD recommended CF | Comparative Toxic Unit for human (CTUh)	41.8701635581	47.0736696449	2610.16463616	4.21361030727	1.2010218112	49.8152658326	2202.27078919	90.4622936078	14.3431572455	42.3782800224	6151.54707887	2.9887054275	0.321973087607	4.01656561173	1708.83035894	6.89504815151	22.5442214319	23.7534254065	1415.62918103	3.43108256337	0.378453516755	8.71319606726	289.975136334	3.50802797252	2.50012844157	0.368385396061	72.9978842775	0.0231214785675	0.000373768315701	0.778346063127	14.1898246721	0.606898954797	2.67671663054	70.1938270993	816.510135852	1.6665627352	0.146528319175	2.97244988692	51.3402105288	4.44723408625	16.1052224237	133.912994538	3913.57039945	14.9441772571	1.53707782942	20.7005333162	1549.73100851	15.4989398627
Human toxicity midpoint, non-cancer effects | ILCD recommended CF | Comparative Toxic Unit for human (CTUh)	5670.60429708	7406.55977225	637490.852933	943.531007294	296.502002805	8173.86231629	185742.556384	9557.9245822	437.091216608	5625.83079793	1333093.51617	571.601898916	101.699036776	682.453888138	143572.112659	659.804443926	936.844150145	7279.86519986	443730.966849	503.239133033	62.0351681038	1267.24032214	24462.5384111	530.239608558	45.1487187916	53.3886561404	12394.5649243	3.81671385746	0.143079246628	113.761943497	1209.31471133	85.1578324142	259.839033601	21202.5034876	265301.994281	380.138153871	43.5661647662	797.754803097	4462.06833814	1046.85755177	732.421878483	42650.9182875	1266735.66123	2145.03042023	341.730217476	3917.53307684	130740.582093	2586.78861615
Human toxicity endpoint, cancer effects | ILCD recommended CF | Disability Adjusted Life Years (DALY)	481.384003407	541.089009319	30026.7440333	48.4559381034	13.8137067635	572.803919644	25314.0342329	1039.86390055	164.804257106	486.916602244	70706.2989515	34.3402241227	3.70397079073	46.1506380064	19642.1372205	79.2103723566	259.051629386	273.154477725	16280.494693	39.4233363224	4.34951805367	100.16457951	3333.11813019	40.321883666	28.7263173848	4.23205399616	838.991059397	0.26561164589	0.00429329172222	8.94424802285	163.104781426	6.97514842908	30.7617129701	807.185380289	9390.53247726	19.1570081497	1.68495129841	34.1752017936	590.13226773	51.127506667	185.052459511	1540.05467138	45009.1892544	171.715067681	17.6724398854	237.952957096	17813.3831314	178.155199956
Human toxicity endpoint, non-cancer effects | ILCD recommended CF | Disability Adjusted Life Years (DALY)	15305.7107256	19982.7795673	1721126.49093	2546.94553633	800.411254772	22062.3161701	501048.126868	25787.251213	1179.45232957	15170.249252	3597238.91738	1542.40011814	274.552859151	1841.32367674	387289.294479	1779.92539549	2528.03376022	19649.9606557	1197779.48376	1357.28029419	167.352162685	3419.64223026	65988.5273134	1430.94010895	121.844796539	143.975077457	33436.8087246	10.2917111165	0.386044917086	306.818707546	3262.17664981	229.714674207	701.326221018	57229.4155114	716145.363837	1025.89397007	117.592109841	2153.23641403	12036.875014	2825.41332211	1976.39709856	115129.114578	3419375.72217	5787.68264918	922.314430465	10571.4514708	352677.392075	6980.21582926
Particulate matter/Respiratory inorganics midpoint | ILCD recommended CF | emission-weighed average PM2.5 equivalent	120449291.496	43643196.5875	605127715.963	3611598.54652	749503.668827	10924546.9845	90774550.3253	23492620.6116	219605590.603	476376492.239	3465329636.35	9355397.47794	354022.469439	27105428.2845	73552373.4173	21979379.8667	239028927.235	81630042.1653	493477258.48	4838687.58532	607861.111655	4598415.8936	13755964.1964	3877900.58823	26288706.3833	9679446.477	40913357.8162	39049.8936429	3625.69466068	908301.740942	1116493.28997	465303.976491	93513949.6896	120774640.315	259646912.899	2877911.85136	129673.329063	10862851.4388	3483106.53429	10207311.568	468852572.783	290264405.261	1461459551.66	40038533.2055	994388.048888	26867891.7464	72460795.1425	62281963.2125
Particulate matter/Respiratory inorganics endpoint | ILCD recommended CF | Disability Adjusted Life Years (DALY)	216808.723546	78557.7537265	1089229.8832	6500.87733084	1349.10659631	19664.1844825	163394.190409	42286.716982	395290.060939	857477.68441	6237593.32388	16839.7154138	637.240442265	48789.7707836	132394.272005	39562.8835916	430252.066239	146934.075516	888259.062697	8709.63763836	1094.15000047	8277.14858483	24760.7352705	6980.22103077	47319.6712175	17423.0036378	73644.0436778	70.2898080655	6.52625034089	1634.9431254	2009.68790474	837.547153092	168325.108538	217394.352265	467364.442151	5180.24132689	233.411991867	19553.13253	6269.59174138	18373.1607744	843934.626834	522475.928262	2630627.18604	72069.3597967	1789.89848455	48362.2050685	130429.430966	112107.53326
Photochemical ozone formation midpoint, human health | ILCD recommended CF | Photochemical ozone creation potential (POCP)	87226251.7433	448768553.586	1187790793.83	12436464.0552	1613080.94243	34956559.8229	87291983.0424	93697886.7853	165418290.347	627981247.251	3106943951.53	21057647.2798	820203.54047	31353345.525	82714028.1993	90135699.7067	253610195.302	473047829.007	1297373101	13149852.1188	1168592.5741	15132034.049	50084618.5526	35724975.9746	29953424.6014	66256897.605	116354560.443	199703.258663	27315.3219434	6839485.1559	4682318.02257	6405504.18219	79246837.9729	458522809.258	354459156.673	5512758.95451	175665.4794	24290422.979	7244001.66658	22855136.7094	210591412.762	1356031427.44	1691173346.06	59085295.4304	1080920.93609	53051708.7973	118758765.427	73113090.5861
Photochemical ozone formation endpoint, human health | ILCD recommended CF | Disability Adjusted Life Years (DALY)	3.40457227801	17.5053500532	46.3322211516	0.485111369186	0.0629246692286	1.36347677682	3.40372180791	3.65540125147	6.45919338054	24.4983627805	121.192289639	0.821227383961	0.0319978292685	1.22296994596	3.22535258695	3.51683195825	9.8999920335	18.4528008492	50.598966106	0.512772769973	0.0455631364483	0.590163923232	1.95372932156	1.39383352984	1.16946621077	2.58604157412	4.53807596819	0.00778888558205	0.00106531598457	0.266747296373	0.182637627527	0.249912356633	3.09633850521	17.8890134839	13.8247905686	0.21497555077	0.00685296254517	0.947491477452	0.282573670269	0.892210434161	8.22328751056	52.9015640186	65.9593793285	2.30317854122	0.0421585281276	2.06896875534	4.631445821	2.85264808355
Acidification midpoint | ILCD recommended CF | Accumulated Exceedance (AE)	4612517180.9	197093218.652	1296895985.77	22115304.0626	2784308.59955	42506125.994	529370143.221	95180696.5989	8317220065.02	1261263428.51	8657848826.52	78695586.9936	1541950.45055	26440533.7383	400297995.13	53942587.5359	9096799974.91	166053320.181	2201885336.35	61260398.8626	7857329.35943	29834227.5972	75221118.1238	33278490.0283	971836596.294	12466413.3255	268617422.791	432616.5954	62588.8598214	6955571.09417	5590319.71607	6257223.89414	3967453147.85	619207503.871	1607925614.45	43726669.8905	1857148.373	69916821.6013	26556085.6958	92259460.7175	19327716604.1	873611393.138	15013152491.4	633125540.409	14713735.2136	192959691.414	390216560.867	2166519390.13
Acidification endpoint | ILCD recommended CF | Change in potentially not occuring fraction of plant species per change in base saturation	21.6801311203	0.877733737295	5.77396531721	0.0989542203999	0.0125137051557	0.190425631828	2.34600949159	0.426135422553	39.0867855051	5.58650896441	38.3809550487	0.349554218439	0.00685001019463	0.117536229746	1.77385216024	0.239350163961	42.764545493	0.736594109679	9.83368714614	0.27215156897	0.0350353052012	0.135076717695	0.334828358591	0.15270086359	4.56887155532	0.0552749265448	1.19229513775	0.00191984778728	0.000277556366862	0.0309710606428	0.025196243575	0.0288466234021	18.6513801713	2.74715177976	7.25740190124	0.19670504695	0.00850924166366	0.323194974905	0.120081704174	0.427510476529	90.866263874	3.88832047015	69.3233808485	2.81258352641	0.0675707221365	0.871110666498	1.73234353343	10.1715052632
Eutrophication terrestrial midpoint | ILCD recommended CF | Accumulated Exceedance (AE)	20490813626.9	83169542.9232	520829603.331	16921804.4872	3032700.12258	36323787.8062	36367996.8526	76939598.6674	36842974738.3	37278622.1139	789711712.119	18417947.9778	375423.585631	7674430.33737	25085115.3682	8474259.29231	40526288221.4	22736518.8612	1382260905.79	15019582.2238	4024386.40708	48629587.0849	29121521.717	87301108.0831	4333046009.3	1304707.69274	48798624.8182	72402.1162221	7252.87653908	2856345.1156	7250031.17513	18611329.6085	17677787156.9	91557709.108	2252833344.67	50580573.558	4669632.79625	222114180.312	40795053.7225	309951200.029	86196746326.9	332574062.573	46458701865.9	153600230.637	39505298.1223	273340975.38	76002461.1387	9433335481.88
Eutrophication marine midpoint | ILCD recommended CF | Potentially Disappeared Fraction of species (PDF)	169997861.201	689999.170919	4320956.70912	140388.303894	25160.1787946	301352.906244	301719.677592	638313.707463	305660234.866	309274.494574	6551682.3524	152800.753593	3114.62530301	63669.3479841	208113.549722	70304.9659806	336218094.873	188628.897219	11467646.0332	124606.904375	33387.5020439	403445.463223	241600.772763	724275.859653	35948233.5586	10824.241599	404847.850344	600.669408657	60.1720127687	23697.0854035	60148.4067863	154405.1049	146660160.116	759589.882971	18690172.9336	419631.425073	38740.6572727	1842725.05147	338447.853104	2571446.99283	715113747.305	2759132.96357	385435156.221	1274313.02454	327747.658496	2267717.72167	630538.936854	78261746.2201
Ecotoxicity freshwater midpoint | ILCD recommended CF | Comparative Toxic Unit for ecosystems (CTUe)	3064885193.38	2254899516.98	255177513598	604736520.9	162737032.029	3782043559.96	85503269489.8	4223781663.26	1113340655.48	2982921333.79	537632663824	1021504214.77	69089593.756	483697326.634	66121746437.2	626454495.558	1958978206.98	4392954064.71	246408345614	295366881.829	29972546.5697	712900152.402	11450857474.7	372699201.568	151391854.09	56560788.4143	2808291220.94	1784939.7511	146292.030972	58275162.692	611707029.838	27330029.8491	302197159.892	11615111026.1	150581866292	273642066.022	26919748.4724	510761072.5	2060763187.72	548152037.574	2039674176.34	25497642760.2	720336778974	2075546530.29	186830389.246	2211818740.64	61433160381.7	1551054447.38
Ecotoxicity freshwater endpoint | ILCD recommended CF | Potentially Disappeared Fraction of species (PDF)	3064885193.38	2254899516.98	255177513598	604736520.9	162737032.029	3782043559.96	85503269489.8	4223781663.26	1113340655.48	2982921333.79	537632663824	1021504214.77	69089593.756	483697326.634	66121746437.2	626454495.558	1958978206.98	4392954064.71	246408345614	295366881.829	29972546.5697	712900152.402	11450857474.7	372699201.568	151391854.09	56560788.4143	2808291220.94	1784939.7511	146292.030972	58275162.692	611707029.838	27330029.8491	302197159.892	11615111026.1	150581866292	273642066.022	26919748.4724	510761072.5	2060763187.72	548152037.574	2039674176.34	25497642760.2	720336778974	2075546530.29	186830389.246	2211818740.64	61433160381.7	1551054447.38
GHG emissions AR5 (GWP100) | GWP100 (IPCC, 2010)	120275981343	194840833724	308480802406	23812790148.6	7668518598.07	25190231310.9	83992984455.6	65320975081.2	313217111973	295278391945	1.39789480574e+12	86846272412.8	22564435500.5	9467420338.07	58193394215.6	49854634171.3	318044939617	171048851283	237171551576	31755490416.8	3841335972.85	7108654539.13	33016651325.7	32102424760.4	48179375506.3	63579190073	18640729901.5	1790722863.19	828883203.066	3004408560.81	4523577845.42	3600672041.82	218710303672	215155631646	90718413702.4	12157023995.6	232470817.269	8134058158.58	7226512404.73	25888330528.5	378545533214	586105330356	621182746077	180367184536	2607816738.39	35832418093.6	102187908126	52260131793.1
Nitrogen	1298435714.66	11768742.2189	64788649.8303	2534612.50254	475095.295213	5392088.20578	33237320.2286	41846587.6807	3415429850.08	11014625.2559	187858407.753	6412871.48608	444005.236927	1502732.26901	27010376.2999	39476950.8519	1830629568.96	6841429.27073	67397488.0972	2496769.15954	258259.960448	3814753.85342	8973212.43332	31695247.122	156859886.786	766914.100611	3599883.2958	88477.3995826	13706.0129274	667824.487456	1089290.75913	3780129.51726	565959686.591	7301609.97163	79714135.8304	1787809.1278	117402.296389	4502111.71231	2558469.31027	9182564.90995	2578022159.06	24404014.9893	636233116.618	15698465.4531	1207470.13795	8940878.0206	33917517.6818	74491334.4601
Phosphorous	299776243.023	1260865.39833	7560974.42334	177256.071589	28850.8533496	525648.149835	186961.640905	1347665.83646	1761190358.72	0	10820086.4279	0	0	62674.3114494	0	798230.521263	2035986215.28	568987.652907	83408543.406	505203.041144	160710.40813	843359.842286	332005.801305	3390737.31073	350817066.598	0	3223016.38592	0	0	363053.893915	229741.055754	3789567.24018	478130905.021	1992622.91817	53909000.9352	1169488.90639	109349.556802	3286523.12313	779886.582595	6974623.25574	1007496284.79	1734366.87954	159851297.282	3131797.26129	963680.091465	5046475.72312	582217.706608	8138495.0847
PM10	15502905.3572	40299749.7394	428309760.967	2683487.50706	634004.241511	8354954.98053	56600125.4993	17875630.0859	29328850.6998	429123710.643	2090595549.29	6043286.54448	205568.951336	22660065.149	46783261.8133	17230358.6854	32254593.575	75038035.0887	327683994.662	2021177.82598	275549.362478	3207054.18489	9030390.81674	2298703.63822	4002893.2706	15887640.3215	20751571.4933	24424.2419501	675.6631931	624054.341759	855804.53911	265601.018014	4955706.61441	89388529.0727	162139912.744	1092661.12792	65482.5083004	7245162.22184	2068910.69183	6390880.74541	37142770.3776	237613267.922	843009050.754	11030203.5244	480324.753199	17477744.5192	48707910.8805	11988388.8593
PM25	13774114.3539	16931737.2995	318628044.936	2203344.26129	487223.778018	6245285.96821	52863556.6055	11975708.3135	25671141.0788	265600448.755	1424609131.46	4960784.13025	160527.099871	17250156.848	44120371.1853	13991139.6338	29992359.6252	50819966.9764	248660149.649	1580055.82222	197221.67594	2585914.00184	8401919.60893	2026155.6841	3787540.72836	2263067.97337	13619431.2834	10152.2599779	637.577934971	452869.109641	756335.465239	148117.062813	4335982.7958	63689421.6706	123153890.582	867890.872673	52480.4583532	6652728.38947	1903243.39327	5643330.95041	32980127.055	179832103.404	618144295.894	8164547.22214	351390.647496	11391710.7394	44742563.6276	8163178.33452
SOx	21867389.818	136250293.026	901056850.767	13992239.4851	1607543.77855	26244549.7169	397888921.855	59518338.4851	57488672.2162	956430582.192	6474188848.59	56927804.4399	1112951.75877	18873080.342	301287299.171	39730430.7985	23602444.5986	122875631.071	1444785078.04	44198826.4817	5310732.22522	14469930.425	52447729.6628	10495350.2387	1922256.25526	9293546.09345	196718312.736	317877.842631	46539.2095245	4821829.0937	3029359.45818	1598321.01517	9821898.90139	457042523.084	842716375.127	24741685.6871	620255.130945	15442028.1072	13305405.4086	17497884.9646	34492521.8061	610086521.82	3526846423.49	457072213.685	4485689.85323	100620078.51	284896586.885	42936873.7038
NOx	170214884.348	187675089.136	893934406.668	47478842.4535	9880992.29195	60464142.6316	830004938.569	70481784.1889	291009205.655	273344452.372	3875796861.11	160402906.285	11293189.758	29620364.0126	686878141.444	17930904.1447	373384236.289	162212715.273	837450911.069	57152252.3674	4257815.25387	18107285.1291	213167214.341	17195440.4304	35483808.4326	19300375.1108	56328085.9156	2247394.76665	349391.455478	7410006.74413	23447618.2721	1912312.63738	47219638.7932	111340924.233	297170881.418	23528606.7603	717583.380755	20327087.3929	35885069.5346	7438491.73338	406509097.947	507385569.497	1734625476.34	301841343.783	3705214.49795	80956558.9521	842207503.886	43084221.7443
Domestic Extraction Used - Crop and Crop Residue	142858.459128	0	0	0	0	0	0	0	473893.778882	0	0	0	0	0	0	0	439741.340633	0	0	0	0	0	0	0	30103.8294037	0	0	0	0	0	0	0	190192.232091	0	0	0	0	0	0	0	434374.498946	0	0	0	0	0	0	0
Domestic Extraction Used - Grazing and Fodder	182125.568721	0	0	0	0	0	0	0	483276.46449	0	0	0	0	0	0	0	716580.750565	0	0	0	0	0	0	0	100737.362949	0	0	0	0	0	0	0	428120.979038	0	0	0	0	0	0	0	611088.821199	0	0	0	0	0	0	0
Domestic Extraction Used - Forestry and Timber	66046.8540732	0	0	0	0	0	0	0	103241.44759	0	0	0	0	0	0	0	126172.953508	0	0	0	0	0	0	0	7935.50257122	0	0	0	0	0	0	0	145095.779245	0	0	0	0	0	0	0	97190.8084407	0	0	0	0	0	0	0
Domestic Extraction Used  Fisheries	2318.14461635	0	0	0	0	0	0	0	5543.62730153	0	0	0	0	0	0	0	3542.64325685	0	0	0	0	0	0	0	70.4127350218	0	0	0	0	0	0	0	2089.68218586	0	0	0	0	0	0	0	7326.96786463	0	0	0	0	0	0	0
Domestic Extraction Used - Non-metalic Minerals	0	893930.117896	0	0	0	0	0	0	0	4015380.93467	0	0	0	0	0	0	0	760791.849013	0	0	0	0	0	0	0	50527.82671	0	0	0	0	0	0	0	639801.995703	0	0	0	0	0	0	0	2601899.08967	0	0	0	0	0	0
Domestic Extraction Used - Iron Ore	0	46572.4801548	0	0	0	0	0	0	0	289012.537107	0	0	0	0	0	0	0	97850.3892733	0	0	0	0	0	0	0	224461.380824	0	0	0	0	0	0	0	45548.4126287	0	0	0	0	0	0	0	76185.1753421	0	0	0	0	0	0
Domestic Extraction Used - Non-ferous metal ores	0	60610.1429872	0	0	0	0	0	0	0	262605.1659	0	0	0	0	0	0	0	421361.513098	0	0	0	0	0	0	0	178907.514688	0	0	0	0	0	0	0	204260.994989	0	0	0	0	0	0	0	274943.186245	0	0	0	0	0	0
Unused Domestic Extraction - Crop and Crop Residue	85644.1618931	0	0	0	0	0	0	0	271880.429736	0	0	0	0	0	0	0	220480.909355	0	0	0	0	0	0	0	10007.4283685	0	0	0	0	0	0	0	136035.291169	0	0	0	0	0	0	0	222322.258694	0	0	0	0	0	0	0
Unused Domestic Extraction - Grazing and Fodder	34135.2127814	0	0	0	0	0	0	0	11707.2472592	0	0	0	0	0	0	0	38879.540724	0	0	0	0	0	0	0	1440.79987594	0	0	0	0	0	0	0	1183.25413541	0	0	0	0	0	0	0	14917.4744669	0	0	0	0	0	0	0
Unused Domestic Extraction - Forestry and Timber	11221.3077552	0	0	0	0	0	0	0	15486.2171385	0	0	0	0	0	0	0	18924.9785413	0	0	0	0	0	0	0	1190.32538568	0	0	0	0	0	0	0	21764.3668867	0	0	0	0	0	0	0	14578.6212661	0	0	0	0	0	0	0
Unused Domestic Extraction  Fisheries	505.795261017	0	0	0	0	0	0	0	1036.74350489	0	0	0	0	0	0	0	681.644453562	0	0	0	0	0	0	0	11.4294358081	0	0	0	0	0	0	0	484.872506716	0	0	0	0	0	0	0	1592.00899648	0	0	0	0	0	0	0
Unused Domestic Extraction - Coal and Peat	0	1295994.05988	0	0	0	0	0	0	0	1521603.05856	0	0	0	0	0	0	0	1393998.45149	0	0	0	0	0	0	0	3486204.09234	0	0	0	0	0	0	0	1287853.39928	0	0	0	0	0	0	0	823594.799631	0	0	0	0	0	0
Unused Domestic Extraction - Oil and Gas	0	50524.501547	0	0	0	0	0	0	0	19330.2811884	0	0	0	0	0	0	0	44586.8520119	0	0	0	0	0	0	0	4990.77587221	0	0	0	0	0	0	0	69130.2491162	0	0	0	0	0	0	0	270179.344644	0	0	0	0	0	0
Unused Domestic Extraction - Non-metalic Minerals	0	112035.42421	0	0	0	0	0	0	0	42532.9315457	0	0	0	0	0	0	0	14290.4290098	0	0	0	0	0	0	0	1493.40771612	0	0	0	0	0	0	0	6966.55403949	0	0	0	0	0	0	0	34223.4960865	0	0	0	0	0	0
Unused Domestic Extraction - Iron Ore	0	27664.0532119	0	0	0	0	0	0	0	233304.945337	0	0	0	0	0	0	0	84969.8223635	0	0	0	0	0	0	0	267557.965943	0	0	0	0	0	0	0	44561.3664442	0	0	0	0	0	0	0	68085.2038511	0	0	0	0	0	0
Unused Domestic Extraction - Non-ferous metal ores	0	52064.010888	0	0	0	0	0	0	0	105654.208148	0	0	0	0	0	0	0	663067.744942	0	0	0	0	0	0	0	206037.003684	0	0	0	0	0	0	0	333207.122776	0	0	0	0	0	0	0	358476.645439	0	0	0	0	0	0
Land use Crop, Forest, Pasture	1618654.223	0	0	0	0	0	0	0	1636880.50368	0	0	0	0	0	0	0	3720543.6322	0	0	0	0	0	0	0	1051556.93119	0	0	0	0	0	0	0	3249644.12617	0	0	0	0	0	0	0	3128130.09894	0	0	0	0	0	0	0
