region	Europe	Europe	Europe	Europe	Europe	Europe	Europe	Europe	Asia	Asia	Asia	Asia	Asia	Asia	Asia	Asia	America	America	America	America	America	America	America	America	Oceania	Oceania	Oceania	Oceania	Oceania	Oceania	Oceania	Oceania	Africa	Africa	Africa	Africa	Africa	Africa	Africa	Africa	Other	Other	Other	Other	Other	Other	Other	Other
sector	food	mining	manufactoring	electricity	gas	construction	transport	other	food	mining	manufactoring	electricity	gas	construction	transport	other	food	mining	manufactoring	electricity	gas	construction	transport	other	food	mining	manufactoring	electricity	gas	construction	transport	other	food	mining	manufactoring	electricity	gas	construction	transport	other	food	mining	manufactoring	electricity	gas	construction	transport	other
impact																																																
Value Added	279277.528004	262139.085474	2695375.34485	253352.208948	59233.6434902	2706984.64999	1296343.90381	6500586.61558	830364.898639	221212.959638	3160825.60158	135116.206857	34279.9948046	2519742.59307	840160.911674	3807944.72822	328134.358074	416386.090916	2383864.61641	252005.221832	35066.0949478	3000303.44111	1346269.17266	8015461.15637	22695.1944093	73276.305194	114680.970215	3577.10889006	88.1360296514	166203.855921	69991.8562985	433573.915021	173024.802922	129913.880105	220981.631206	21679.6012739	1835.61158832	241772.662756	104304.520944	369252.111156	250297.257769	375462.154043	731519.37317	67897.3623126	11216.7965082	676599.826493	277804.453296	1036191.92538
Employment	45911.9566165	5251.68974553	80951.1210059	2761.33763021	1255.29326562	93607.3623248	33892.9070354	171434.7338	561939.826412	14359.2786812	178376.487596	1007.29336526	651.440177326	187378.29879	45558.9005599	174531.179829	41934.8962319	6364.61468661	66256.1519433	2350.04871251	460.076129423	96828.4645182	20938.5647741	170629.522626	352.120546556	132.65610815	1668.87402326	13.5106539242	0	2745.88367749	588.72425701	5229.75002478	170798.951642	10318.5525168	47252.9691111	2054.85561678	438.567415449	40464.0449158	16971.6062506	64685.1029699	142908.680395	27238.2684073	178866.517268	8876.17154167	3148.62163635	73117.2043521	28301.5805866	85494.268806
Employment hour	97782083965.1	10800031306.6	159754849629	5571304611.82	2487402911.56	176778722571	65767043844	303746882540	1.15967982968e+12	33881975407.3	434400381025	2298045470.84	1507869178.07	471519918041	111064628945	398696958277	87849441795.6	15035101160.7	146201909380	4623342202.11	908269967.31	200784262736	46740174366.4	338433330285	746740270.848	310415293.071	3060755906.49	26881822.9132	0	4732017437.49	1144850567.76	8958509822.69	402329318842	22878481852.3	107545386767	4627901626.9	997762388.242	86020458831.1	35807382306.1	137407755103	228882575001	63899391530.6	406833477114	20453753463.8	7211413586.85	170867010702	66435134975.6	200435132991
GHG emissions (GWP100) | Problem oriented approach: baseline (CML, 2001) | GWP100 (IPCC, 2007)	734861505717	776594807064	1.35527521747e+12	281217255761	98508186336.5	269629651421	647418604770	949095027891	1.81346816584e+12	1.04093256016e+12	4.94804314213e+12	540465957455	208358299260	149166856243	494553820013	885808288408	1.55451261189e+12	812814866204	1.7019239143e+12	655488324145	82801440707.2	116750160007	485114836159	910370929703	117861942749	96290857934.9	52156972340.4	14553177488.4	6079415933.48	25283624556.4	32113667283.1	52316311870.6	733813106535	294457984010	300691740824	93124319617	5859977184.74	58183532213.2	30266031788.6	287477146937	846056926170	733262827846	1.11117012088e+12	713372800143	15425113584.9	167958179947	289068033559	408414092327
Human toxicity (USEtox) | USEtox2008 | CTUh (Rosenbaum et al., 2008)	35892.363494	31789.2913634	2863620.32136	11395.7456081	3890.94563229	89835.7241793	1461864.47242	148790.235981	2705.25595146	21740.7540732	4833542.23181	3651.83536241	958.726033417	11053.4792017	1245231.99918	13019.2883824	4884.43522681	37465.7210102	3263836.61482	10674.3742547	1369.49339404	21293.8902724	366231.969681	16117.2403639	120.058799928	91.1028707836	35546.4123085	31.9157941926	1.07602918639	984.737508482	8752.696828	1362.32955835	920.222586743	32648.5441586	920999.363407	2995.56105215	1152.40097611	5952.160701	19415.3059386	12939.8106887	1771.90193806	58791.8327081	2347858.60067	8713.53523262	2080.00509506	18881.0344792	377384.363051	21950.866838
Fresh water Ecotoxicity (USEtox) | USEtox2008 | CTUe (Rosenbaum et al., 2008)	24428302829.9	12058142905.8	1.37505236105e+12	8077587857.49	2396227663.92	53870039997.4	1.12101895178e+12	98416619833.7	6584020490.37	12616271983.3	2.04897544361e+12	6497117528.14	706285639.5	7948318933.93	956641828041	12419217764.1	10228364925.6	24169381580.8	1.95644798482e+12	6589849790.74	748252289.261	15127966741.7	283537462326	12844691675	370258200.637	96143571.4173	9224099084.92	14898004.578	1083742.02888	542708649.771	7070355001.57	540221547.155	1071330653.82	19237276394.1	562641865096	2259596408.3	759825677.043	4043385537.97	14682045185.5	7329150134.02	4767153344.53	37650891158.9	1.4379334105e+12	8709319076.05	1291460876.49	11988448294.8	292886539665	15176668676.1
EPS | Damage Approach | EPS (Steen, 1999))	146824639600	110216395275	4.4458452253e+12	46431871734.6	17168760534.4	121078588810	125097385557	175444718554	268730526118	186126651498	2.26182429214e+13	63840484575.1	23215255431.2	35000257370.9	91610415717.2	119986932077	234237615211	175197116877	7.6360735095e+12	84680435364.7	11108545401.2	40737114840.1	71444218374	98087170985.3	16665229422.9	11499466258.1	72941979773.8	1628799214.19	663559963.432	4013622528.01	4206161694.45	7077282340.37	101194674406	104852340481	1.99496373502e+12	16153932848.3	3064531736.38	20684597960.6	6147807755.74	60168185096.3	145313449430	216116334993	5.07636087946e+12	93614287659	5530093329.12	49109032023.9	47461766861.2	91905543246.4
Carcinogenic effects on humans (H.A) | ECOINDICATOR 99 (H.A) | Carcinogenic effects on humans (H.A)	17998.8919031	8908.96752265	717614.457222	4152.65285825	971.305007601	31877.5077994	917027.658596	75327.7490429	9483.01393247	8048.34165128	1253249.50411	4440.13911939	197.330987259	2678.55044846	783229.334393	23193.9502622	12004.3412731	8764.55348941	751244.017638	6388.70544598	393.939463646	8796.40432674	230032.851524	12814.7508742	723.765313609	66.554588952	5044.26357672	8.95011324105	0.290089467371	214.543872651	5433.85680195	357.975724307	956.509564102	7417.39284928	207995.017793	1509.07432145	267.927250732	1558.69208349	11888.3936628	3799.46280864	4154.0162097	14383.8009538	533359.414587	12761.7965853	631.31516445	6542.50651237	236950.815059	8984.84776942
Respiratory effects on humans caused by organic substances (H.A) | ECOINDICATOR 99 (H.A) | Respiratory effects on humans caused by organic substances (H.A)	402.041884768	2137.79299032	4565.17589634	121.421687414	16.737743133	374.406940423	410.415177179	1404.66415147	510.168742363	1926.68777136	6533.99026537	103.369653791	5.96870363487	466.137881394	517.862475601	1600.43088084	830.421536816	2641.38494539	9503.4852278	216.0388668	18.1153184762	264.400200747	550.628017995	1083.6892997	47.8613658874	98.2487355581	276.947438402	1.46228329912	0.187057356381	63.7850209628	31.2051207191	103.63925415	93.6367634741	647.102422812	942.804005728	27.0837563382	2.56785505327	179.441472573	24.5529880678	181.74505594	298.449854246	1890.57958176	2529.1895799	93.0540491281	3.70214118252	241.185290037	277.766360194	564.169528291
Respiratory effects on humans caused by inorganic substances (H.A) | ECOINDICATOR 99 (H.A) | Respiratory effects on humans caused by inorganic substances (H.A)	6123162263.95	4513781389.64	590927242210	2680253842.9	794035602.502	14920137129.2	85415090222.1	15416997273.3	1042917603.22	2973136662.75	831828467800	1931314135.34	201608622.286	2000017551.82	71536385995.9	7775665068.64	1510281670.48	7367154264.77	639687875394	2473397856.64	190920651.515	3077900533.88	21595441658.4	4762338955.34	64032538.6124	26194992.4922	4523804495.46	3843190.2248	191115.713916	119499570.859	542182335.48	165555828.896	230357611.331	6232623077.49	180837530929	788472740.262	224130276.502	1194229604.06	1252211768.81	2519318953.56	663391224.786	11917937072.7	461800468145	4565797167.14	376308377.371	3442481620.59	22261238299.4	4007449917.73
Damages to human health caused by climate change (H.A) | ECOINDICATOR 99 (H.A) | Damages to human health caused by climate change (H.A)	144747.397808	142892.596751	264692.511332	58805.7941556	20634.1889633	55530.4647322	135770.247693	177493.673325	361844.608268	194873.773808	995399.343	113229.017132	43699.4012531	31170.4922999	103876.105445	161959.477522	304933.039533	146767.085163	335866.845481	137487.830523	17389.4697166	24409.5267532	102033.692397	126244.421806	23500.5408755	17547.6520068	10826.3353402	3054.4515665	1276.49282667	5227.53537125	6750.24527854	8412.61665721	145546.659882	53206.7353958	60381.3186828	19391.7084701	1178.52775871	11787.2022135	6194.66725408	52820.707564	164852.965088	136698.253664	227230.466097	149632.329969	3197.84148944	34962.1982621	60713.9542035	76883.5159167
Damage to Ecosystem Quality caused by ecotoxic emissions (H.A) | ECOINDICATOR 99 (H.A) | Damage to Ecosystem Quality caused by ecotoxic emissions (H.A)	6123124484.33	4513732905.77	590932944996	2680246401.72	794038351.817	14920219538.5	85414664117.7	15416894038.7	1042746836.01	2971960667.97	831842954551	1931280328.13	201609044.659	1999711018.99	71535974654.7	7775374325.13	1510117709.5	7366951250.75	639696876529	2473369210.85	190918020.86	3077889321.42	21595309364.5	4762304102.98	64022159.5417	26182482.6512	4523863192.61	3843059.85324	191110.58165	119496329.715	542176307.859	165555673.19	230343033.744	6232609472.22	180840093010	788471956.736	224132229.93	1194193108.21	1252205554.66	2519277580.94	663305528.296	11917839053.7	461806898770	4565767994.88	376311577.033	3442456397.56	22261101758.9	4007410716.71
Damage to Ecosystem Quality caused by the combined effect of acidification and eutrophication (H.A) | ECOINDICATOR 99 (H.A) | Damage to Ecosystem Quality caused by the combined effect of acidification and eutrophication (H.A)	152709469800	5492283853.68	29287743763.1	3612716849.78	792581193.719	4467101716.16	40071149394.6	8370402996.57	261846023306	9778512786.15	105489936339	6208393671.01	610994916.63	3121811512.61	36246823194.8	2929414039.96	246008925920	5445398487.65	56774087054.2	8050365442.25	743224085.215	2872128439.2	19151169826.4	6183794315.71	13023611871.9	201436810.502	1630747127.42	107746669.41	15058287.7997	427099900.86	1031239733.37	530299628.971	71249050001.8	1835047380.1	17586609723	1682813964.99	262302206.114	2835138724.86	1133219586.67	5055088604.88	237302909916	5287387980.8	121905804795	9409215600.81	425385411.055	4158245955.85	14689947594.7	92678063028.6
Carcinogenic effects on humans (E.E) | ECOINDICATOR 99 (E.E) | Carcinogenic effects on humans (E.E)	17998.8919031	8908.96752265	717614.457222	4152.65285825	971.305007601	31877.5077994	917027.658596	75327.7490429	9483.01393247	8048.34165128	1253249.50411	4440.13911939	197.330987259	2678.55044846	783229.334393	23193.9502622	12004.3412731	8764.55348941	751244.017638	6388.70544598	393.939463646	8796.40432674	230032.851524	12814.7508742	723.765313609	66.554588952	5044.26357672	8.95011324105	0.290089467371	214.543872651	5433.85680195	357.975724307	956.509564102	7417.39284928	207995.017793	1509.07432145	267.927250732	1558.69208349	11888.3936628	3799.46280864	4154.0162097	14383.8009538	533359.414587	12761.7965853	631.31516445	6542.50651237	236950.815059	8984.84776942
Respiratory effects on humans caused by organic substances (E.E) | ECOINDICATOR 99 (E.E) | Respiratory effects on humans caused by organic substances (E.E)	96405.5311374	115367.664996	1695396.728	30280.5325559	7462.07061922	81248.0097866	449306.365736	231589.556262	172548.717129	1306555.31909	6313383.81223	35845.6787602	1757.78950699	325291.79276	411927.436639	313250.729277	167736.865247	323842.644593	2148312.54909	38710.409463	5219.22736349	49828.051229	136452.349024	69096.8658362	10476.2474965	12647.3542414	48722.5703901	133.723240027	5.32265382538	4710.94651049	6059.49480263	3296.65306532	17183.9027586	118497.999267	500760.846801	7864.41587501	1590.45278923	54018.3650537	9011.38967191	77031.3505692	86867.7732889	292313.106598	1361780.77075	39086.7431802	2543.03992167	68702.8105718	140470.635516	85383.3362359
Respiratory effects on humans caused by inorganic substances (E.E) | ECOINDICATOR 99 (E.E) | Respiratory effects on humans caused by inorganic substances (E.E)	902745.738236	103968.736339	603599.444515	60940.2355796	12786.5257646	76811.7674085	740980.588883	153230.158374	1548674.14016	294150.60276	2556520.06941	109403.262902	9906.07722387	60389.6745076	662450.341621	75894.3968161	1462097.41035	109014.607766	1184961.95565	157368.901605	14992.7177047	44916.6261919	327064.569806	78757.1511738	76658.2171632	3723.77825963	45980.9648032	1776.66228061	247.707171974	8007.86494224	16418.0592352	5886.37069364	400415.671427	53900.5771974	297779.3542	29056.2361961	3301.39392755	29914.5727933	17895.2214825	43526.732907	1355032.22852	110273.673293	1169107.7754	209229.415602	4920.37555465	68280.1714083	258340.642097	544859.332171
Damages to human health caused by climate change (E.E) | ECOINDICATOR 99 (E.E) | Damages to human health caused by climate change (E.E)	144747.397808	142892.596751	264692.511332	58805.7941556	20634.1889633	55530.4647322	135770.247693	177493.673325	361844.608268	194873.773808	995399.343	113229.017132	43699.4012531	31170.4922999	103876.105445	161959.477522	304933.039533	146767.085163	335866.845481	137487.830523	17389.4697166	24409.5267532	102033.692397	126244.421806	23500.5408755	17547.6520068	10826.3353402	3054.4515665	1276.49282667	5227.53537125	6750.24527854	8412.61665721	145546.659882	53206.7353958	60381.3186828	19391.7084701	1178.52775871	11787.2022135	6194.66725408	52820.707564	164852.965088	136698.253664	227230.466097	149632.329969	3197.84148944	34962.1982621	60713.9542035	76883.5159167
Damage to Ecosystem Quality caused by ecotoxic emissions (E.E)) | ECOINDICATOR 99 (E.E) | Damage to Ecosystem Quality caused by ecotoxic emissions (E.E))	6123124484.33	4513732905.77	590932944996	2680246401.72	794038351.817	14920219538.5	85414664117.7	15416894038.7	1042746836.01	2971960667.97	831842954551	1931280328.13	201609044.659	1999711018.99	71535974654.7	7775374325.13	1510117709.5	7366951250.75	639696876529	2473369210.85	190918020.86	3077889321.42	21595309364.5	4762304102.98	64022159.5417	26182482.6512	4523863192.61	3843059.85324	191110.58165	119496329.715	542176307.859	165555673.19	230343033.744	6232609472.22	180840093010	788471956.736	224132229.93	1194193108.21	1252205554.66	2519277580.94	663305528.296	11917839053.7	461806898770	4565767994.88	376311577.033	3442456397.56	22261101758.9	4007410716.71
Damage to Ecosystem Quality caused by the combined effect of acidification and eutrophication (E.E) | ECOINDICATOR 99 (E.E) | Damage to Ecosystem Quality caused by the combined effect of acidification and eutrophication (E.E)	152709469800	5492283853.68	29287743763.1	3612716849.78	792581193.719	4467101716.16	40071149394.6	8370402996.57	261846023306	9778512786.15	105489936339	6208393671.01	610994916.63	3121811512.61	36246823194.8	2929414039.96	246008925920	5445398487.65	56774087054.2	8050365442.25	743224085.215	2872128439.2	19151169826.4	6183794315.71	13023611871.9	201436810.502	1630747127.42	107746669.41	15058287.7997	427099900.86	1031239733.37	530299628.971	71249050001.8	1835047380.1	17586609723	1682813964.99	262302206.114	2835138724.86	1133219586.67	5055088604.88	237302909916	5287387980.8	121905804795	9409215600.81	425385411.055	4158245955.85	14689947594.7	92678063028.6
Carcinogenic effects on humans (I.I) | ECOINDICATOR 99 (I.I) | Carcinogenic effects on humans (I.I)	1035.87533955	1164.41180891	75318.1264559	683.128581101	106.702729049	2733.14957369	54673.1245133	5696.06223473	79.6490230341	1533.86191336	172115.963462	1182.79135853	20.2469520471	359.3972693	46569.3519585	5984.76301452	151.508348595	1058.71663491	85432.950673	1482.57213759	50.9173836815	770.429477684	13812.8101421	2584.9216287	3.83595297848	16.2679079521	574.159514632	1.63926907754	0.0375110905765	27.2263039248	325.327972805	38.735474142	23.1996784901	867.46820115	23391.0480302	317.221436634	31.2803136403	195.132842747	730.223112984	507.959030074	61.2871545234	1815.64027796	60386.4728394	3325.1937733	72.1029442452	932.062913313	14190.2967888	1270.11348874
Respiratory effects on humans caused by organic substances (I.I) | ECOINDICATOR 99 (I.I) | Respiratory effects on humans caused by organic substances (I.I)	531.213229316	2147.39482522	4263.59673802	115.641637705	16.1400865876	356.286033699	383.660463057	1491.81919599	924.926109718	2067.26218365	6088.32933017	98.3232664475	6.31751657995	435.145659781	482.17484577	1761.78575027	1169.98343494	2649.86083217	8877.08197032	203.442730365	17.0423418966	247.745089205	512.501016407	1181.0839861	75.1326796272	127.736960668	257.886955733	1.38652023955	0.177000695326	59.6283156441	29.1247776872	112.327487446	292.3947859	720.199840227	924.831804035	28.0163507542	3.26647907121	175.589075433	25.398276114	279.100757974	520.848692862	1987.28721368	2430.75759872	89.638991251	4.15417569137	229.635167836	259.003497448	628.170015155
Respiratory effects on humans caused by inorganic substances (I.I) | ECOINDICATOR 99 (I.I) | Respiratory effects on humans caused by inorganic substances (I.I)	556433.14326	107036.872271	1401589.75637	29877.5713091	6535.38915807	72268.7543446	455693.578589	208848.864134	964727.724085	1093592.85561	5521713.3698	41517.57502	1815.68622169	249574.291969	407623.09583	257798.384751	898537.188184	259711.382448	2010727.14775	66248.6841353	8693.19372556	48810.5696106	134445.122885	72028.2919006	48855.5506259	9782.56839833	57509.4830161	221.244863988	20.3074571729	5140.85074936	5626.20061549	4422.85623272	244035.037954	113463.465641	506411.768396	14832.7994852	2262.69539146	49958.6036302	9602.65472982	78477.3733541	826494.924237	246291.014383	1563415.20184	102710.782854	3809.45823139	73749.4378459	137307.436113	371778.525453
Damages to human health caused by climate change (I.I) | ECOINDICATOR 99 (I.I) | Damages to human health caused by climate change (I.I)	141775.709657	138968.709954	252558.982673	56060.4824686	19662.7419688	53046.8269343	129359.983656	172393.338022	355366.246989	190514.251762	948385.125819	107882.99219	41632.3198527	29722.8058477	98956.7150761	159093.977598	299562.669766	143228.732116	320808.112147	131001.662958	16568.3182258	23292.8949025	97228.6529788	123449.484376	23114.4659239	17353.1751466	10322.2594424	2909.56777733	1215.76929377	4985.56879031	6433.72814754	8298.77379471	143464.868526	52768.2700077	58533.5120892	18526.7428161	1140.37437146	11419.8171601	5949.55087645	52336.3015613	162254.909989	134242.516476	217957.554291	142573.98255	3060.78727241	33411.5795592	57849.8602272	75098.4137499
Damage to Ecosystem Quality caused by ecotoxic emissions (I.I) | ECOINDICATOR 99 (I.I) | Damage to Ecosystem Quality caused by ecotoxic emissions (I.I)	860240763.324	477782876.407	56568843621.7	308158299.676	86270547.2051	1620626434.33	12607443480	1900914215.07	449006670.524	453880049.064	101717035678	281501664.324	24542266.599	299729542.408	10636634869.3	1055041781.29	568748769.836	991406732.046	84106666609.2	350853993.315	26008093.8928	425513025.161	3210947637.9	645907128.026	32135215.2841	3899722.4057	405068408.759	685655.287151	39636.8500698	14707029.5628	81574803.0085	17556554.7006	57490415.4752	832511737.985	24141364117.1	108698898.348	30241828.9826	163664360.152	182632746.151	333567601.582	224968857.117	1596824546.86	61650452697.4	639698986.016	50565129.5437	467680305.64	3309889128.8	552323358.158
Damage to Ecosystem Quality caused by the combined effect of acidification and eutrophication (I.I) | ECOINDICATOR 99 (I.I) | Damage to Ecosystem Quality caused by the combined effect of acidification and eutrophication (I.I)	152709469800	5492283853.68	29287743763.1	3612716849.78	792581193.719	4467101716.16	40071149394.6	8370402996.57	261846023306	9778512786.15	105489936339	6208393671.01	610994916.63	3121811512.61	36246823194.8	2929414039.96	246008925920	5445398487.65	56774087054.2	8050365442.25	743224085.215	2872128439.2	19151169826.4	6183794315.71	13023611871.9	201436810.502	1630747127.42	107746669.41	15058287.7997	427099900.86	1031239733.37	530299628.971	71249050001.8	1835047380.1	17586609723	1682813964.99	262302206.114	2835138724.86	1133219586.67	5055088604.88	237302909916	5287387980.8	121905804795	9409215600.81	425385411.055	4158245955.85	14689947594.7	92678063028.6
Unused Domestic Extraction	815427.029736	6364538.68656	0	0	0	0	0	0	1777303.32057	7385154.62241	0	0	0	0	0	0	1403500.01055	10942876.475	0	0	0	0	0	0	31669.2037415	6592105.27721	0	0	0	0	0	0	549725.387969	2553229.58696	0	0	0	0	0	0	590880.512896	1821982.301	0	0	0	0	0	0
Water Consumption Green - Agriculture	778907.465263	0	0	0	0	0	0	0	2330980.7522	0	0	0	0	0	0	0	1823947.68338	0	0	0	0	0	0	0	76874.517011	0	0	0	0	0	0	0	1150365.14495	0	0	0	0	0	0	0	1036425.30462	0	0	0	0	0	0	0
Water Consumption Blue - Agriculture	40146.8015844	0	0	0	0	0	0	0	452326.471481	0	0	0	0	0	0	0	158209.707635	0	0	0	0	0	0	0	9129.88607573	0	0	0	0	0	0	0	48425.9794685	0	0	0	0	0	0	0	317857.157009	0	0	0	0	0	0	0
Water Consumption Blue - Livestock	3713.75183311	0	0	0	0	0	0	0	9369.25730716	0	0	0	0	0	0	0	9102.93387766	0	0	0	0	0	0	0	606.389845264	0	0	0	0	0	0	0	4323.70224426	0	0	0	0	0	0	0	3608.54012823	0	0	0	0	0	0	0
Water Consumption Blue - Manufacturing	0	0	7817.54993227	0	0	0	0	0	0	0	50980.7854526	0	0	0	0	0	0	0	6267.64462107	0	0	0	0	0	0	0	48.1672432259	0	0	0	0	0	0	0	5735.29621195	0	0	0	0	0	0	0	5927.68100647	0	0	0	0	0
Water Consumption Blue - Electricity	0	0	0	2201.93704968	0	0	0	0	0	0	0	350.464881041	0	0	0	0	0	0	0	1994.72124421	0	0	0	0	0	0	0	5.02264850903	0	0	0	0	0	0	0	3.69415825881	0	0	0	0	0	0	0	959.076364277	0	0	0	0
Water Consumption Blue - Domestic	0	0	0	0	0	0	0	0	0	0	0	0	0	0	0	0	0	0	0	0	0	0	0	0	0	0	0	0	0	0	0	0	0	0	0	0	0	0	0	0	0	0	0	0	0	0	0	0
Water Consumption Blue - Total	43860.5534176	0	7817.54993227	2201.93704968	0	0	0	0	461695.728788	0	50980.7854526	350.464881041	0	0	0	0	167312.641513	0	6267.64462107	1994.72124421	0	0	0	0	9736.275921	0	48.1672432259	5.02264850903	0	0	0	0	52749.6817128	0	5735.29621195	3.69415825881	0	0	0	0	321465.697137	0	5927.68100647	959.076364277	0	0	0	0
Water Withdrawal Blue - Manufacturing	0	0	43022.6572607	0	0	0	0	0	0	0	171865.549126	0	0	0	0	0	0	0	51409.2991737	0	0	0	0	0	0	0	556.372481588	0	0	0	0	0	0	0	14999.4059146	0	0	0	0	0	0	0	46801.7675322	0	0	0	0	0
Water Withdrawal Blue - Electricity	0	0	0	79294.990252	0	0	0	0	0	0	0	24520.8509442	0	0	0	0	0	0	0	90996.1071514	0	0	0	0	0	0	0	9.66433777803	0	0	0	0	0	0	0	4.30985130194	0	0	0	0	0	0	0	99367.2155859	0	0	0	0
Water Withdrawal Blue - Domestic	0	0	0	0	0	0	0	0	0	0	0	0	0	0	0	0	0	0	0	0	0	0	0	0	0	0	0	0	0	0	0	0	0	0	0	0	0	0	0	0	0	0	0	0	0	0	0	0
Water Withdrawal Blue - Total	0	0	43022.6572607	79294.990252	0	0	0	0	0	0	171865.549126	24520.8509442	0	0	0	0	0	0	51409.2991737	90996.1071514	0	0	0	0	0	0	556.372481588	9.66433777803	0	0	0	0	0	0	14999.4059146	4.30985130194	0	0	0	0	0	0	46801.7675322	99367.2155859	0	0	0	0
Carbon dioxide (CO2) IPCC categories 1 to 4 and 6 to 7 (excl land use, land use change and forestry)	120603.354486	387311.986127	1201148.17122	273563.51638	97009.0953589	246261.101764	638283.352936	502739.575968	210003.688175	430907.910839	4684474.64511	533577.460551	206659.657654	143955.489519	489709.426378	284406.773175	204444.358818	351310.053353	1477589.92432	646267.792707	81588.9469441	109853.757594	473766.797688	265890.049308	8495.3103722	19402.3078185	49753.8398543	14474.387488	6071.21279524	24012.5261286	31197.4881581	10538.0269709	16384.6167784	43117.7470442	157476.359505	85183.7820384	3432.00823955	30586.1572604	23798.9434144	34422.433442	109592.105484	244538.983511	904418.292998	703986.398083	13290.8561092	152116.239382	284307.101872	171614.364794
Methane (CH4) IPCC categories 1 to 4 and 6 to 7 (excl land use, land use change and forestry)	14100.587949	13440.3435584	1646.37452777	232.410770692	48.8333190675	693.003571118	177.395330066	15632.026587	40047.1479389	23197.029093	1173.90348768	186.705162884	64.5787747398	150.135651095	60.8886961975	23015.5601458	35086.9258293	16319.4655835	3586.2067028	219.772257453	17.5484877911	169.14628405	50.7105342154	14609.3750042	2724.63502998	3058.51590996	36.2940432215	2.27342310068	0.260152043371	27.7864050321	9.87698585967	1346.37230152	18213.3949041	9968.04216617	4191.4969203	244.320503599	75.7127320073	765.485631564	218.755264175	9323.35330229	21198.8822446	19298.2982938	6772.87349774	267.387573441	61.8195427394	466.528795327	65.1492854535	8739.90819606
Nitrous Oxide (N2O) IPCC categories 1 to 4 and 6 to 7 (excl land use, land use change and forestry)	4.57801060363	5.00553441158	16.9640163322	4.0328937315	0.482326605419	5.44116672374	12.8211989492	10.2238190357	8.00061365082	9.65651810818	47.5585079499	5.05459822451	0.242409024696	3.77020240339	11.1480527209	4.6031258269	14.2158880217	3.79235891363	59.084896496	9.90872316961	1.95225063772	2.54136643276	32.458524327	4.84472618697	0.426808020086	0.225759212571	1.62864019323	0.0699547327434	0.00570247366893	0.711349790291	1.95439133189	0.304960120436	0.869982293721	0.377952431558	4.72914057087	0.606128221829	0.0712188087195	1.77221543965	0.911148145282	0.840161996256	3.92747596975	2.12128348498	12.4702260091	4.66764329076	0.104443520935	2.62101889315	9.85541205624	2.59688783869
Carbon dioxide (CO2) CO2EQ IPCC categories 1 to 4 and 6 to 7 (excl land use, land use change and forestry)	120603.354486	387311.986127	1201148.17122	273563.51638	97009.0953589	246261.101764	638283.352936	502739.575968	210003.688175	430907.910839	4684474.64511	533577.460551	206659.657654	143955.489519	489709.426378	284406.773175	204444.358818	351310.053353	1477589.92432	646267.792707	81588.9469441	109853.757594	473766.797688	265890.049308	8495.3103722	19402.3078185	49753.8398543	14474.387488	6071.21279524	24012.5261286	31197.4881581	10538.0269709	16384.6167784	43117.7470442	157476.359505	85183.7820384	3432.00823955	30586.1572604	23798.9434144	34422.433442	109592.105484	244538.983511	904418.292998	703986.398083	13290.8561092	152116.239382	284307.101872	171614.364794
Methane (CH4) CO2EQ IPCC categories 1 to 4 and 6 to 7 (excl land use, land use change and forestry)	330756.123048	335956.73219	40776.831713	5792.88379681	1216.84037517	17236.515283	4417.23324308	390589.270312	946698.75431	579925.727324	28908.0994377	4667.62907209	1614.46936849	3746.00456412	1522.21740494	575389.003644	836031.328635	407979.549889	87837.2848634	5449.78232515	421.757879824	4066.23439672	1237.45993189	364688.214885	64362.5336739	76462.8977491	866.353137783	56.8355775171	6.5038010843	689.4516129	239.006341875	33561.6982222	431390.456634	249152.954871	101509.88437	5959.91813774	1847.00908901	18412.986136	5402.66810873	231375.317815	511310.071412	482434.892363	166810.212509	6571.01880727	1496.51535873	11361.8035822	1612.57238485	217791.295844
Nitrous Oxide (N2O) CO2EQ IPCC categories 1 to 4 and 6 to 7 (excl land use, land use change and forestry)	260726.469235	2109.78194708	9615.05212172	1409.03714021	191.325138544	2677.26970401	4031.10538916	5566.51889236	651785.117275	2877.64239623	19411.1294005	1506.2702709	72.2378893595	1211.5699383	3322.11971083	1371.73149641	494646.794449	1214.63215989	39276.4610175	3483.52690974	783.86612429	2693.40583505	10033.8570575	7953.95823429	44867.0263322	67.2762453461	974.030255215	20.8465103575	1.69933715334	274.067711318	676.794807939	1254.38116168	285676.693081	685.973281678	40477.5444442	1945.91208087	567.269002158	9160.04366563	1060.78701546	20615.8640068	223621.245487	901.11706502	33654.6965745	2745.91040341	614.884829512	4373.94593758	3129.53703055	9194.26854639
Carbon dioxide (CO2) Fuel combustion and cement	113170.741846	386622.780106	1160133.87805	273483.742889	96995.8333668	244677.262212	638097.884408	494705.787425	182201.830152	430906.245833	4540532.79683	533577.007999	206659.301247	143922.843345	489709.426378	276779.729792	175081.344208	350891.067659	1434187.37149	646246.269822	81583.1709163	109504.437244	473736.526232	264800.51861	6303.35832428	19402.3078185	48448.3922387	14474.387488	6071.21279524	24009.5253701	31192.9858967	10414.401088	15951.7200494	42528.6797725	151321.495605	85153.7240476	3420.04103027	30345.8401862	23772.4100143	34178.8411449	105589.766338	243006.917481	887345.702698	703871.708224	13256.7824296	150876.720918	284142.127445	170548.510085
Carbon dioxide (CO2) Fuel combustion	113071.108129	384882.35951	1056828.86247	273326.950801	96970.0300374	241494.369289	637723.815221	492384.562465	182201.77778	430893.14621	3728547.65286	533569.068502	206648.886054	143567.928514	489709.426378	276567.541441	174973.522351	349917.99429	1336691.99681	646195.21642	81570.9362953	108690.053073	473669.183463	264171.875271	6303.35832428	19402.3078185	45100.5144714	14474.387488	6071.21279524	24006.4926993	31192.9858967	10299.6543104	15194.9669748	38760.9542049	117679.315404	84961.4564014	3343.49209625	28810.7681041	23602.8804478	32732.543147	102725.722142	231383.227968	763376.436712	703172.533977	13074.3841022	143198.767002	283120.310527	166344.754377
GHG emissions (GWP100) | Problem oriented approach: baseline (CML, 1999) | GWP100 (IPCC, 2007)	734875705421	776670311703	1.35543645477e+12	281221544249	98508777496.3	269642875087	647433100210	949144639177	1.81348618448e+12	1.04100060878e+12	4.94827391591e+12	540469608365	208358510068	149183319751	494572110380	885864813973	1.55454194152e+12	812908157189	1.70225956758e+12	655495954415	82802080521.5	116759498349	485134283771	910409204489	117863633163	96294327978.7	52166753837.6	14553229134.7	6079422540.15	25285877377.4	32114769415.8	52319972301.9	733816413689	294480838998	300725039687	93125276187.3	5860067878.73	58189869900.4	30266898974.8	287483565984	846067467111	733329601162	1.11125944924e+12	713376086718	15425244340.7	167966698362	289077843979	408434018212
GHG emissions (GWP100min) | Problem oriented approach: non baseline (CML, 1999) | net GWP100 min(Houghton et al., 2001)	713634884103	754063511949	1.40046001943e+12	284352889467	99165252791	272661035483	681259928184	925091254316	1.74570103244e+12	1.00671712e+12	5.10226100931e+12	545509407476	208781904526	153504262981	525557449136	845386609280	1.49980142687e+12	786446667059	1.74749242362e+12	661511430958	83255678531.6	118365677151	505871125940	884081847101	113101681425	90355413177.1	54276689245	14645292177.6	6092222843.49	25632666249	33074071050.8	49846207740	698698988818	275981095379	301620217214	93615393346.2	5811970504.43	57841354748.4	30698929798.1	269786381918	809364784664	700068660533	1.12444498548e+12	719059941244	15428534837.8	169332407200	301981295982	393746289364
GHG emissions (GWP100max) | Problem oriented approach: non baseline (CML, 1999) | net GWP100 max(Houghton et al., 2001)	717237653860	755352877575	1.45877779728e+12	285954774508	99406605436.3	275040499445	685722837086	929448558147	1.75320045966e+12	1.02120715899e+12	5.27881951741e+12	546375485706	208844665633	158117908458	529500701187	853357098210	1.51207223023e+12	791036185975	1.79312491936e+12	662675635764	83324784230.6	119305036449	516458146303	885933098334	113593080184	90399381667.9	57091869966.7	14656193070.4	6093271586.44	25819891353	33380015027	49996953421.8	699707861697	277255017550	310176406087	93766062537.1	5833614501.52	58742742998.3	30914199388.5	270825115424	811328957467	704085257385	1.14668603661e+12	719576815305	15462552584.5	170144103103	304296401975	395893438849
GHG emissions (GWP20) | Problem oriented approach: non baseline (CML, 1999) | GWP20 (IPCC, 2007)	1.34778091324e+12	1.40575026919e+12	1.42790670788e+12	292051029106	100785389295	301754638746	655576811391	1.68092201663e+12	3.57332174212e+12	2.12908257527e+12	4.9992564718e+12	549186434625	211391319606	156172739800	497315256254	1.96670350101e+12	3.11091282527e+12	1.57866819619e+12	1.86462161872e+12	665621540657	83570595345.4	124312184039	487136267144	1.59037200016e+12	237508405358	240038926730	53756274293.6	14659398467.8	6091591757.25	26571390338.2	32542558939.1	115371565260	1.53615696893e+12	762670357292	490218041549	104265775193	9313523514.57	92520266480.6	40390518751	721721806947	1.80048037811e+12	1.63993373733e+12	1.42357110548e+12	725639842189	18218762825.4	189179708768	292003895459	817112668060
GHG emissions (GWP500) | Problem oriented approach: non baseline (CML, 1999) | GWP500 (IPCC, 2007)	379341321582	545329867585	1.32785268444e+12	276521353336	97575224984.2	256630074104	642419625213	678023229515	837806976161	638954789149	4.92231917229e+12	536498202601	207199479852	145970135866	491877889064	485868230768	732553569690	529945947923	1.62356303512e+12	650011076681	82126600991.1	112611248156	479374269825	660777874867	51234432960.8	43040167857.2	51080087239.2	14503476963.2	6074062429.23	24670601165.5	31618006193.2	28351321531.9	294625479368	120976787352	210480811212	88036046238.5	4300999480.22	40915600056.1	25990361648.5	116587092899	381505512149	397471039377	978974731649	707468615664	14086203354.3	157931997165	286424818495	253068326961
ozone layer depletion (ODP steady state) | Problem oriented approach: baseline (CML, 1999) | ODP steady state (WMO, 2003)	7224.19011693	38413.467795	82030.5043874	2181.79594573	300.756321922	6727.62471072	7374.64771493	25240.0589717	9167.09458934	34620.1708917	117407.637581	1857.42346656	107.250143439	8375.91505631	9305.34135846	28757.7423901	14921.6369897	47462.3857375	170765.750187	3881.94838781	325.509628869	4750.94110717	9894.09719836	19472.542104	860.008918289	1765.40696706	4976.39928378	26.2754030311	3.36118687247	1146.13709543	560.71701292	1862.267848	1682.53559368	11627.6216599	16941.0094779	486.661246701	46.1411454885	3224.3389603	441.186504344	3265.73147392	5362.77081849	33971.3518599	45446.3752638	1672.06494527	66.5228493733	4333.79818034	4991.11428473	10137.4212115
human toxicity (HTP inf) | Problem oriented approach: baseline (CML, 1999) | HTP inf. (Huijbregts, 1999 & 2000)	204177830256	144830601960	1.70737624776e+13	59738711955.8	23556718948.3	522794298533	9.79385953173e+12	915977343260	11797228831.8	69377089559.1	6.97452554773e+13	13017603935.2	2406772787.3	21854447950.6	8.3467306432e+12	83513531703	27487107171.6	287672992115	2.55933338144e+13	42216335348.3	6941095998.12	147622024793	2.45689319484e+12	120927703121	710634362.515	1087643159.97	213783488035	55762321.1016	5271423.27819	4485370425.2	58219984814.6	8548963511.78	6655409612.68	235585275901	6.76474097344e+12	18784655574.9	8005597087.35	41685902627.8	130702135853	88721462930.1	7789831364.95	443642469003	1.70840557887e+13	48151212691.7	14465161021.7	112971930279	2.52872403265e+12	134815646805
Freshwater aquatic ecotoxicity (FAETP inf) | Problem oriented approach: baseline (CML, 1999) | FAETP inf. (Huijbregts, 1999 & 2000)	332300300.399	307561026.277	15238735567.9	123384679.448	28402935.333	585648172.967	9202682022.26	1240929862.53	255839077.513	355347675.276	49991375034.9	143862468.575	4071032.23214	464681361.148	7839319560.41	1199772946.74	326944088.1	259127470.025	17383695052.3	187606129.254	13924894.1037	154724799.911	2347139797.93	416998546.938	19178170.1405	3895634.85917	311324024.715	320891.66039	9337.50254673	17768272.7433	58366755.2785	14510175.5647	27724989.0792	179494352.033	4441884195.8	43616981.9634	7216487.26159	77977212.02	127717760.861	184831009.455	130058731.097	368633109.207	11406401388.3	335011531.801	14000292.3665	201820071.775	2416882800.55	271240533.56
Marine aquatic ecotoxicity (MAETP inf) | Problem oriented approach: baseline (CML, 1999) | MAETP inf. (Huijbregts, 1999 & 2000)	760264886924	5.4167978933e+12	4.11453267894e+13	594637174075	124331524154	2.46523882544e+12	4.03349705413e+13	7.10319280812e+12	236155541943	6.00361668476e+12	9.46438767473e+13	843576929403	21799654189.7	332600292257	3.44071507906e+13	3.41554246701e+12	359700151741	901833594422	4.54404674699e+13	1.72864786607e+12	222778845154	575287065403	1.02433259672e+13	1.51100074125e+12	13283250692.2	16940067677.3	397245407173	1780182340.09	28756626.0927	145891295136	255012350954	45983073184.1	32341720211.7	501663560958	1.21762550854e+13	215356920510	21486865113.7	126345872856	529662812216	296734456623	188343767347	1.09545790197e+12	3.19408027698e+13	2.07595046536e+12	58876727047.3	741862030973	1.05316604876e+13	1.08281225177e+12
Freshwater sedimental ecotoxicity (FSETP inf) | Problem oriented approach: non baseline (CML, 1999) | FSETP inf. (Huijbregts, 1999 & 2000)	818824182.926	482089280.455	32088977707	291054284.743	61379523.0782	1351503797.03	23165688373.2	3020829783.98	689705174.353	644958387.366	83588706214.5	358323281.001	9304343.33006	1444100253.3	19738234423.6	3396873497.55	863892999.421	366912580.419	27891036940.6	425885827.002	25570953.8405	334012869.606	5892002799.19	1049330519.07	51539111.5579	5260474.37601	767557531.002	794976.708011	15196.3704339	41708489.4804	145643399.17	31337229.3731	69004133.1629	287305849.146	6954649606.96	101648446.78	13771149.3471	193710374.584	320972698.235	484402577.451	343998737.824	587123659.393	18100474439.6	833974519.291	28106417.1633	484258650.03	6082309537.11	652732133.688
Marine sedimental ecotoxicity (MSETP inf) | Problem oriented approach: non baseline (CML, 1999) | MSETP inf. (Huijbregts, 1999 & 2000)	723158607506	2.64512100569e+12	3.90468435308e+13	500361082275	92751696077.5	1.98331758472e+12	3.95027380661e+13	5.15194381345e+12	224015621569	3.10049480453e+12	8.97183316316e+13	792024705073	18006409656.5	336847681592	3.37076040127e+13	3.40807854816e+12	344879169336	720407038059	4.35908633861e+13	1.21994779381e+12	112487796314	527037974708	1.00404824915e+13	1.48301356694e+12	12839032096.6	13222832023	360859233658	1298901201.57	27885859.3219	75987710591.5	248666965247	33966179605.1	31022020215	460423692414	1.17704296247e+13	196359098614	19740053161.7	124019745406	519515918452	287230043340	173954364194	1.0196603333e+12	3.06794419554e+13	1.93436136937e+12	47528652129.7	632869538164	1.03367271494e+13	906035485930
Terrestrial ecotoxicity (TETP inf) | Problem oriented approach: baseline (CML, 1999) | TETP inf.(Huijbregts, 1999 & 2000)	1856711793.77	1524986100.04	160940976143	548808679.484	209811181.072	4821312148.08	74596529971.5	7609322829.74	49976990.5145	799517877.984	271705674720	106808772.453	50642311.9355	351201351.114	63493599589.9	593381072.192	152166995.126	2197689666.68	200478885099	447563752.458	68480662.3028	1166189033.24	18660674714.5	925933075.711	1616669.8034	2969675.71953	2772524703.5	814268.647461	17419.7418004	53981717.9929	441680702.057	94211765.3609	45041753.6044	1914991375.27	55464165619.5	152787664.362	66083817.6276	328320092.085	994388015.707	690199681.587	37689576.6061	3510610390.65	141791430327	357170252.369	118817377.434	977173555.397	19226895181.4	1136873756.45
human toxicity (HTP20) | Problem oriented approach: non baseline (CML, 1999) | HTP 20 (Huijbregts, 1999 & 2000)	116818587152	58167014409.5	5.09495234176e+12	21934169588.1	6441757725.62	274161999831	9.74724797746e+12	722667892009	7178146611.05	39487045169.5	3.47973754917e+12	10074378015	1474518795.59	9538170297.33	8.33501021056e+12	40874255616.4	15943192304.6	42921385338.1	3.65114326821e+12	18839583603.2	2402420856.68	72341861114.7	2.44286735977e+12	48890427345	278037370.892	197970829.755	25555040132.1	40645512.1922	3598232.09889	1244280464.73	57885989674	2417279636.27	1573525176.87	35438348956.6	1.01447730456e+12	4699212073.76	1318019467.14	7025239468.82	124675951559	15946192418.1	4638074803.99	67655235074.7	2.61339366884e+12	28278102849.2	3799922724.73	35905399095.6	2.51716187954e+12	53242778023.6
Freshwater aquatic ecotoxicity (FAETP20) | Problem oriented approach: non baseline (CML, 1999) | FAETP 20 (Huijbregts, 1999 & 2000)	151850575.612	49853983.8598	4077057312.51	26769460.7392	7564568.4772	148644223.007	553127180.181	305948108.754	200544894.228	51165618.8619	12728230398.2	9757863.19527	400361.553574	360026954.56	459122806.38	566405923.241	238065146.444	24055145.3913	2238232191.39	18695701.5628	2670661.26571	24673268.3383	142626786.337	122272127.743	15691782.4142	182149.468605	169953226.278	103858.372761	372.989864733	8002381.01799	3449569.49724	5405997.18004	18317945.3601	24093141.3849	427740156.982	6730208.14359	1359181.1048	38252882.9727	12367717.6083	101148082.863	88389271.5638	38763049.5127	1134785981.7	25951730.2862	2717783.62383	65361824.1202	148623892.342	83748076.6364
Marine aquatic ecotoxicity (MAETP20) | Problem oriented approach: non baseline (CML, 1999) | MAETP 20 (Huijbregts, 1999 & 2000)	3895266660.13	1426558598.79	152608591982	1151236701.3	295284860.881	6259193987.2	85252046343.8	13700011533.6	3572171863.97	1786368003.33	436862502615	877196718.245	35069791.9492	10287503901.3	72526544417.1	17554348979.5	4416641567.4	1380483534.89	113393688343	1026526421.55	89628684.1345	1366219515.83	21692607218.3	4400535028.55	270169446.069	13656482.7161	5040082273.08	3646225.40216	55232.8557109	239044227.968	539080422.638	173968683.889	354388232.548	1172528056.95	26205538906.4	323331559.074	61502172.3551	1197958346	1243123268.39	3027461147.45	1743562326.32	2187973631.32	68274403609.8	1767802513.82	117676181.209	2337851198.09	22446090546.1	3066745831.22
Freshwater sedimental ecotoxicity (FSETP20) | Problem oriented approach: non baseline (CML, 1999) | FSETP 20 (Huijbregts, 1999 & 2000)	442648562.338	96141574.3144	12976767130.9	81573213.4967	23314560.2657	460111683.976	1385952760.25	918367815.103	571994517.289	94469697.5326	40591872475.6	24795947.047	1078230.91721	1170841825.03	1140664633.6	1821606247.05	678836198.617	69431244.7998	6919188246.53	43257580.2205	5964675.08951	73963754.5701	359065598.834	386313973.462	44783105.6716	427739.95718	552142567.285	321530.578807	933.458254768	24318916.1374	8577541.0463	17059401.0726	52585768.8709	74152245.1178	1293825944.32	20070388.8702	4220084.32643	123436052.375	34854890.2108	326596577.662	252425897.836	116886544.85	3432639093.88	68240093.9475	8240976.57531	205959853.835	375611410.547	262164791.571
Marine sedimental ecotoxicity (MSETP20) | Problem oriented approach: non baseline (CML, 1999) | MSETP 20 (Huijbregts, 1999 & 2000)	10019026233.3	2718924677.46	403387416758	2763336391.48	751661653.351	15455641631.3	145625511262	32545819440.2	9973023333.5	3140343110.73	1.21291299399e+12	1499954963.63	66402387.3565	31659101969.1	123373325433	50893494852.1	12124288699.1	2962601572.67	263815831373	1847587544.6	186376245.827	2997540649.76	37132042172.6	11658840127.9	765598154.3	23602256.7654	15099539773.9	9597473.5629	94936.9712073	669597686.095	917709015.176	485159660.134	974391190.269	2757293074.71	56877359169.5	722674247.525	148787180.51	3503521833.73	2325930670.34	9023629857.96	4698841565.81	4818756451.47	148779151876	3152564509.98	283164889.988	6250533584.36	38488143554.6	8069166725.91
Terrestrial ecotoxicity (TETP20) | Problem oriented approach: non baseline (CML, 1999) | TETP 20 (Huijbregts, 1999 & 2000)	10323069.5758	15319107.6719	515337027.258	2592666.12374	826810.830634	26310973.7631	823808219.813	72503150.4943	992672.81693	14450623.2949	1649040551.61	1032457.78177	142532.754409	5828181.00171	704854491.321	10021584.0136	1810817.59588	7599122.23486	626044062.318	5626674.22694	674330.833436	7618314.7593	206515365.237	6093293.0553	51871.9164169	49525.6496983	17803116.4934	17071.4863606	225.881805283	620547.337801	4893732.19876	718195.813891	216135.760531	6763562.93464	167464923.537	831746.548551	243039.689416	1488054.67692	10702444.2187	3795515.30324	561014.299691	10967098.991	427893596.629	3284252.52268	547156.579519	6325321.83282	212722174.518	7957441.75938
human toxicity (HTP100) | Problem oriented approach: non baseline (CML, 1999) | HTP 100 (Huijbregts, 1999 & 2000)	116836304705	58205763446.6	5.0988397859e+12	21947436680.9	6448903396.96	274238613343	9.7473403133e+12	722742049283	7178958492.38	39516850887.5	3.48362324102e+12	10075481335.7	1474907500.46	9548384456.84	8.33508473281e+12	40886552648.3	15945755005	42950208925	3.65502342787e+12	18848768556.9	2404457172.81	72358058442.4	2.44289181581e+12	48908502533.7	278070209.29	198012274.27	25649518199	40703333.6026	3598324.92376	1248174725.88	57886542665.6	2419891953.56	1576388828.06	35474802321.4	1.01539206774e+12	4703809177.01	1319683632.04	7032103728.56	124679567439	15965869125.1	4639746267.11	67715780015.8	2.61579611349e+12	28285306331.6	3802384541.81	35944168818.4	2.51718830753e+12	53268990563.6
Freshwater aquatic ecotoxicity (FAETP100) | Problem oriented approach: non baseline (CML, 1999) | FAETP 100 (Huijbregts, 1999 & 2000)	165663084.3	114664927.577	4887533047.58	35669608.59	9739908.25925	192824029.46	1213234395.62	423838088.878	204661841.568	122688224.712	14893179732.4	18905484.4672	711611.907923	399512715.677	1021894897.02	650117045.928	244448654.135	36343097.284	2928117683.67	37916242.5637	5436196.26013	34122357.4017	310375209.935	147594578.28	15925652.038	377885.355158	191755007.521	133850.053821	815.665489955	10503070.0982	7652537.44243	6458811.22244	18937380.2716	31630185.8054	595614617.479	9405316.34271	1736116.82047	43372052.5607	21418642.7339	113828573.286	91847574.8858	53965445.8832	1575640229.05	45997955.5368	3614462.03004	79604510.7835	321666989.136	103501118.426
Marine aquatic ecotoxicity (MAETP100) | Problem oriented approach: non baseline (CML, 1999) | MAETP 100 (Huijbregts, 1999 & 2000)	10335264966.6	6235630920.62	419647782784	3938996738.57	899840512.481	20619390833.2	489081014755	49007754418.5	5901151169.08	8678829397.8	1.02425903267e+12	4679069114.63	178827132.914	14822029827	417729556703	33567438457.3	8082667356.13	5898285127.09	426105480096	5065982873.01	367679996.25	5672162706.3	124171028505	11658058090.5	403991188.785	72164502.4671	8477598141.44	9956141.72201	314645.74476	523065034.721	3100970955.57	395934422.328	663939486.565	4311096057.29	111349090040	1241442684.31	213270394.611	2291165324.88	6493764529.92	5242641535.54	3553438748.53	8984844574.39	287814814457	8763890706.73	406943434.55	6146854854.99	128290890413	8432546614.34
Freshwater sedimental ecotoxicity (FSETP100) | Problem oriented approach: non baseline (CML, 1999) | FSETP 100 (Huijbregts, 1999 & 2000)	480168456.022	184621033.628	15380244081.2	103889880.161	28642127.4322	572493524.735	3052878812.81	1189018727.23	582278457.652	196008597.384	47202447600.8	47060906.8915	1785528.90699	1308433787.25	2560717598.94	2091148982.67	694913997.029	97449668.3288	8826753644.42	78674660.118	10017329.5847	98471005.8926	783129217.036	461558651.96	45375725.534	828366.493957	624199655.785	394073.480683	2045.5616044	29437707.9933	19151199.7374	19901528.733	54240993.2688	94345761.0472	1746468633.75	26889577.0196	5251400.76549	140226053.04	58270954.3975	368719166.427	261110356.735	156730478.904	4616500434.13	116760478.832	10433220.4966	245322448.425	813627648.431	315203927.631
Marine sedimental ecotoxicity (MSETP100) | Problem oriented approach: non baseline (CML, 1999) | MSETP 100 (Huijbregts, 1999 & 2000)	17664665716.5	7391027532.78	740383898757	6006053961.96	1483053019.63	32733112407.5	609771337679	73930769160.8	12628056593.2	9956955072.55	1.97080856413e+12	5629951630.73	234558148.755	39079171342	520051699038	71472745591.3	16310408069.6	8319754267.94	647428165593	6123085517.95	475321335.45	8053314166.7	154894688949	20258438406.3	918049397.505	86978267.1601	20233748809.3	17201600.9671	397245.653651	1015150582.61	3859532819.57	767747681.099	1336702299.24	6602092927.31	160568221795	1760027754.18	333451885.629	4998839853.32	8393236242.98	12178920361.6	6768701476.77	12959358531.5	415895105966	10577785593.5	628935817.352	10916969555.4	160139274458	14543098055.7
Terrestrial ecotoxicity (TETP100) | Problem oriented approach: non baseline (CML, 1999) | TETP 100 (Huijbregts, 1999 & 2000)	47597547.34	69152024.9955	2402146846	11830646.3036	3787664.96134	122543319.087	3928726018.93	337518651.237	2671255.90316	64721310.9484	7593532206.52	4867684.48668	685024.253271	18402584.3005	3361662418.9	33886315.4127	6204747.9527	36161224.5936	2990169983.7	26051190.037	3046544.07875	36017390.9136	984808631.01	26455596.8173	86022.3507082	230220.349868	80744674.1382	78067.0965405	1074.16524233	2683018.96006	23337577.2204	3289359.06405	838690.839386	32182573.0048	805221347.385	3858224.21316	1144060.30613	6209198.13316	50915866.138	15679069.7738	1735865.03672	52430719.8446	2056357138.09	15433210.8476	2566015.63581	28664714.0934	1014383349.81	35993920.827
human toxicity (HTP500) | Problem oriented approach: non baseline (CML, 1999) | HTP 500 (Huijbregts, 1999 & 2000)	116866469230	58260097957.4	5.10230521231e+12	21959957185.9	6453505797.08	274322424434	9.74762103782e+12	722831520911	7180381123.63	39555549766.7	3.48797912978e+12	10077879218.2	1475945002.85	9555740794.73	8.33531618934e+12	40894262428.6	15948465353.2	42987036231.9	3.65823392821e+12	18859102904.2	2406516427.73	72371792885.1	2.44296122315e+12	48920369845.6	278140217.966	198083082.865	25686280819.5	40716295.4375	3598575.8368	1249621428.16	57888257710.6	2421127672.64	1577205887.07	35505594565	1.01628207439e+12	4706374980.37	1320766754.24	7037520323.99	124683893795	15977486957.3	4640985904.8	67772727806.9	2.61806895645e+12	28290886549.1	3804240146.56	35959362887.7	2.51725980944e+12	53285823486.9
Freshwater aquatic ecotoxicity (FAETP500) | Problem oriented approach: non baseline (CML, 1999) | FAETP 500 (Huijbregts, 1999 & 2000)	202842309.389	175600674.603	6410277352.83	55803599.0687	13523352.7869	279454094.57	3571169123.11	649513974.484	218701018.804	202752352.456	18537865691.6	51071556.7773	1571277.3494	414215321.826	3037208598.04	772687024.635	266382818.516	65492753.6083	4764633349.13	77617792.1666	8356659.91571	60408765.9649	909675714.026	204592414.583	16731782.572	882108.110931	206285757.523	181490.913012	2406.8688743	12731809.2533	22637849.4113	7816666.92369	20755113.1476	50506372.6691	1094920871.57	16922845.6286	2636001.31653	48906114.829	52026842.4236	125078139.399	102798010.79	96817279.2149	2870692309.72	114690293.696	5510539.30517	105022290.705	940053076.937	140173716.502
Marine aquatic ecotoxicity (MAETP500) | Problem oriented approach: non baseline (CML, 1999) | MAETP 500 (Huijbregts, 1999 & 2000)	43424549514.4	32001694020.7	1.71957435063e+12	17928470965.3	3901938037.77	92617035197.9	2.62093713975e+12	227956906243	18135381245.8	45356830847.3	3.76766826115e+12	24460022817.3	938391262.857	26513758589.3	2.24049859117e+12	98603304437	27333847047.9	29542682909.9	2.04435716841e+12	26165227889	1832543668.24	27940214758.3	665037844459	45994661230.6	1106575626.6	378093741.563	21083328589.7	40368566.3846	1693302.80349	1803602230.67	16624021599.2	1412324627.44	2264881379.36	20515038324.7	558586523274	5906440158.45	985773962.21	6845503155.98	34043526369.5	13702242067.4	12992546425	44359697502.4	1.43969256045e+12	44886501132	1878525260.81	24323654199.7	686861022425	34299732709.6
Freshwater sedimental ecotoxicity (FSETP500) | Problem oriented approach: non baseline (CML, 1999) | FSETP 500 (Huijbregts, 1999 & 2000)	573938119.221	289761115.571	19246969891.7	153591899.086	37709890.0393	784305479.326	9009905304.4	1726630875.68	617431246.379	347437015.917	56469586083.8	128385352.471	3904899.56225	1345550317.17	7652196413	2405203913.48	749953860.526	168775375.229	13510631694.4	171117138.59	15455606.6823	164477943.755	2297358926.48	607080069.799	47395816.9537	2048916.07697	660643724.943	507156.36106	6080.76136718	33826038.5678	56981204.5552	23140938.8309	58814490.9201	142082429.421	3022160132.27	45809147.436	7520027.88775	154293325.495	135633667.554	397306897.511	288475588.698	265250574.888	7921104960.51	290628337.043	15076914.9611	308283717.015	2376279640.53	405599542.422
Marine sedimental ecotoxicity (MSETP500) | Problem oriented approach: non baseline (CML, 1999) | MSETP 500 (Huijbregts, 1999 & 2000)	50529391461.8	28657133611.2	2.04636583547e+12	19783421509.3	4429166837.22	103742899708	2.71940690117e+12	248378997804	24669982147.6	41717791021.7	4.72483952369e+12	25172002899.6	986321895.086	50688889741.9	2.32377715808e+12	136161292268	35273971436.5	31762978903.2	2.27697250171e+12	26315370415.9	1756313503.43	30132070773.5	690109432697	54406901636	1609468230.68	384581759.992	32894587866.4	46812217.5651	1769250.67143	2172632488.14	17235349013.7	1762055383.29	2920166509.38	22881944641.8	611330467923	6381319889.23	1104910946.08	9550143531	35665332285.6	20652033879.6	16051153461.6	48402199010.2	1.57625479916e+12	46331850695.2	2084848150.64	28882892857.7	712882469864	40022160882.6
Terrestrial ecotoxicity (TETP500) | Problem oriented approach: non baseline (CML, 1999) | TETP 500 (Huijbregts, 1999 & 2000) TETP 500	196407742.641	257162301.472	10424365287.3	48901932.6692	15855396.9401	504081328.586	15736248950.9	1341062782.21	9052811.61114	233726488.88	30879900432.2	19720956.123	3008906.63626	64922553.041	13462515700.1	124579159.198	23193612.9122	154457283.53	13001376410.9	100103225.679	11409004.2503	147185032.377	3944307151.89	107306011.854	219263.150367	882535.491086	325730264.573	299555.118414	4251.23299393	10025236.6256	93458656.9506	13127088.74	3409942.32305	137812083.496	3518433090.68	15878649.4105	4873478.5687	25553871.1682	204020198.77	63287608.1855	6187478.42029	227909573.166	8984773472.02	62441963.7009	10672593.3865	115780793.339	4062886196.67	144577829.108
photochemical oxidation (high NOx) | Problem oriented approach: baseline (CML, 1999) | POCP (Jenkin & Hayman, 1999; Derwent et al. 1998; high NOx)	181762659.091	376623613.86	1524043283.2	45228250.4198	6509267.09426	93821695.6986	256760856.064	361140682.164	404730961.885	733805675.512	4258484007.08	41974699.9566	2429734.24505	132252663.672	237299027.029	470250450.363	469568267.089	499921162.947	2253168939.28	86217139.9441	8654884.1777	56146987.9426	244830524.145	254806565.827	27935053.3824	31227715.0957	97169241.209	456645.40786	54081.9922662	12138812.376	8884651.97096	23463873.8342	129779963.109	186088573.948	388152115.049	15792481.9651	1808013.62254	43081124.7412	9809227.06175	101059754.936	188155710.153	431655894.813	944707853.962	106319707.704	2536145.98781	64778520.1891	102938679.363	164639013.592
photochemical oxidation (low NOx) | Problem oriented approach: non baseline (CML, 1999) | POCP (Andersson-Skld et al. 1992; low NOx)	164667109.6	119855197.546	1177773069.92	33659708.2736	5167768.2106	52415503.5307	90495003.3382	196511072.308	415064195.776	452179983.454	3539264429.83	18628500.7309	1707273.57483	93321790.8143	79291261.8949	320518699.602	479504839.27	206024652.281	937244354.502	24810035.1658	1500206.1891	19925731.5864	212086896.038	139137724.853	27849484.6102	22288981.1833	56546193.3124	233931.816672	22795.9231237	3937548.52985	6185801.29925	12412189.1398	140966785.427	95241270.7914	199546545.08	4682160.89569	950042.486817	23183401.1169	5818138.87829	85559759.103	182450276.058	215413706.912	491527882.083	12177366.4731	1099379.23502	19415223.0623	46753640.1359	103924552.546
photochemical oxidation (MIR; very high NOx) | Problem oriented approach: non baseline (CML, 1999) | MIR 1997; very high NOx (Carter, 1994, 1997, 1998;Carter, Pierce, Luo &  Malkina, 1995 )	81743137.7464	64068002.1636	473066515.889	13741941.7317	2125515.62224	21793554.1459	36410028.5309	97352713.898	211467218.517	208708428.293	1417093360.7	7675446.4878	760403.959619	37508524.5448	31789571.1934	155826152.016	231931439.482	101992879.307	379113931.474	10185603.6179	620326.853871	8165471.88562	84894156.4922	73160124.2556	14229195.4604	12585811.5653	22660062.2756	96300.8343897	9430.55170155	1608113.08936	2485792.82411	6575837.17059	77093456.089	50055850.1504	84691092.4817	2158940.42889	468673.431	10157183.7813	2586583.62054	45329918.8963	97522993.8511	109322357.598	204618043.033	5186355.49199	511584.431229	8311455.79684	18778859.5288	52023803.2189
photochemical oxidation (MOIR; high NOx) | Problem oriented approach: non baseline (CML, 1999) | MOIR; high NOx (Carter, 1994, 1997, 1998;Carter, Pierce, Luo &  Malkina, 1995 )	144851875.935	112763686.6	857025291.732	24849340.5507	3840328.66157	39328451.7366	65949004.3799	172545901.237	373817346.02	372484769.008	2568192635.28	13865070.4684	1362087.48313	67946740.6919	57603375.614	276681010.492	412015420.776	180782298.245	686265627.948	18406908.7342	1120124.84384	14759255.4487	153858284.043	128955843.064	25146791.4353	22047154.4846	41062699.343	173976.906556	17027.8369482	2907810.45834	4503109.43028	11583087.8895	135417984.595	88234698.8488	152487506.279	3853480.34599	831000.502796	18225765.7422	4634156.13114	79846724.8214	171647325.641	193322424.224	369202100.874	9334559.14116	912281.628016	14950895.596	34020557.1722	92115230.376
photochemical oxidation (EBIR; low NOx) | Problem oriented approach: non baseline (CML, 1999) | EBIR; low NOx (Carter, 1994, 1997, 1998;Carter, Pierce, Luo &  Malkina, 1995 )	185723444.808	144797687.681	1093558549.68	31720311.4166	4903086.47269	50225228.8095	84154018.6453	221222258.186	479550955.278	476838983.155	3276739315.63	17702793.7123	1742289.46293	86701002.9642	73498161.2107	354594086.5	527981140.517	231778737.899	875822593.686	23499710.5432	1430288.27078	18841991.3915	196305362.289	165535905.192	32261389.1656	28340060.2672	52392730.4808	222127.323751	21743.112799	3711867.00302	5746005.84233	14871006.4748	173964712.64	113262623.924	194833052.52	4932950.56043	1065337.2183	23304357.6328	5927447.94141	102511684.27	220408822.567	247983603.023	471511122.39	11927736.8872	1168073.84363	19106623.4944	43409986.9366	118127131.985
acidification (incl. fate, average Europe total, A&B) | Problem oriented approach: baseline (CML, 1999) | AP ( Huijbregts, 1999; average Europe total, A&B)	15748988394.9	1120292863.82	7007069338.97	503290763.887	92980116.5963	711415598.735	6913291817.79	1759128713.39	27129806228.2	4846683608.41	34701479645	938513392.097	64941226.7314	605788020.085	6014284899.8	1102985287.22	25246515200.7	1165060754.51	16683213123.7	1722119856.92	193455765.759	529386490.741	2536446392.92	932598292.995	1335853377.83	34761555.788	755433336.086	12305889.1219	1697378.30444	82893116.2123	114970684.152	79184623.9637	7344508965.28	926933079.008	4850605864.64	365417930.664	42889944.9411	401636827.852	165112866.197	742862520.416	24391026163.7	1383762611.12	19250002225.8	2840165508.94	71001825.4192	912305579.226	2182634115.5	9882001792.85
acidification (fate not incl.) | Problem oriented approach: non baseline (CML, 1999) | AP (Hauschild & Wenzel (1998).	18568205550.4	1170645488.12	7048374266.07	586687619.349	115071993.551	793252313.646	7585341110.89	1814642027.96	31931817750.4	4335828986.06	32919408301.4	1069776639.23	83830661.1931	642239250.764	6673844520.43	1022442646.51	29827303080.4	1207071587.62	16014795775	1782050925.2	190716959.334	557944190.197	3016657840.09	1024416267.8	1577648433.41	38126112.0581	679708229.71	15455300.2243	2142776.93564	87757711.1002	144985444.79	86145944.2437	8634228494.75	825581209.046	4638527116.19	371628716.589	45901556.4457	442398245.265	187963776.264	796239634.369	28733115347.9	1365348973.65	20348370131.9	2729899592.52	74953450.7032	920488101.964	2502227104.97	11505508449.6
eutrophication (fate not incl.) | Problem oriented approach: baseline (CML, 1999) | EP (Heijungs et al. 1992))	3667495375.39	113245770.642	580360575.476	79498939.058	17706426.6704	97251975.8649	842727518.561	173650933.234	6471363867.58	139873777.063	1874115542.86	134202734.421	13723951.2279	65037561.8576	767112905.77	49826199.2491	5978418908.66	110310464.384	1077815348.34	164624060.455	14884262.9549	61902711.8572	426524107.051	139707045.509	333438207.083	4278827.70725	24909478.2659	2409274.32035	336089.394539	8996148.21893	23554126.71	12520078.5533	1859915340.83	26015839.3287	366559280.715	35418132.18	6063789.17069	69626863.3226	25349135.5125	127504291.311	5536584486.05	101482677.305	2625994696.69	173550457.274	9528831.9484	86943644.7065	317958189.042	2083879795.77
eutrophication (incl. fate, average Europe total, A&B) | Problem oriented approach: non baseline (CML, 1999) | EP ( Huijbregts, 1999; average Europe total, A&B)	41736401750	1055319528.37	5458556427.01	737910015.29	164933243.785	906318022.105	7767514629.27	1649255735.71	71565640769	1278178899.29	17358649109.1	1235281603.99	126353278.844	599810958.612	7070136217.78	461315825.207	67197018991.2	1017164419.27	10409104859.8	1515037587.75	137704942.869	612243290.86	3887050074.94	1428523888.85	3561816243.73	39105613.1257	232600793.545	22111724.4786	3092364.97613	82656994.812	215832977.16	128088512.688	19605774776.5	245339246.45	3651669251.33	341514093.123	60804913.4179	694522103.211	238889865.205	1301321437.26	65155251450.2	964779520.8	30637219654.5	1627187536.06	101457172.184	867983944.831	2925844026.46	25357656797.9
odour | Problem oriented approach: non baseline (CML, 1999) | 1/OTV	9.41159851257e+15	2.58307251744e+13	1.70025857752e+14	1.4831283343e+13	2.88940736345e+12	2.89915743131e+13	2.07675690895e+13	8.68655689796e+13	1.6162222547e+16	1.03844338073e+13	2.07125544002e+14	8.49652545482e+12	257016547955	8.97573937371e+12	1.57855429541e+13	1.20218053664e+13	1.51029760847e+16	8.48506490139e+12	7.37471079915e+14	2.29746233782e+13	6.42290759366e+12	5.92573709223e+13	3.16321980679e+13	1.92140853843e+14	8.03538577579e+14	160305341895	1.01132518158e+13	43599505032.8	3940826754.37	1.78425267711e+12	3.80704315281e+12	2.15196848833e+13	4.51405623873e+15	1.02224326876e+13	5.67302216523e+14	2.88544110421e+13	8.95578424671e+12	1.20107047026e+14	1.28781206068e+13	2.77562595845e+14	1.48878642389e+16	3.32508126276e+13	6.24630166498e+15	4.50310607081e+13	1.74342916904e+13	9.54036299429e+13	1.59171257254e+13	5.79738188384e+15
Climate change midpoint | ILCD recommended CF | Global warming potential 100 years	715691203685	733724970430	1.26465379331e+12	280815574093	98433672208.9	266872230954	646817444411	907007686213	1.80938306101e+12	1.02080889808e+12	4.74173026415e+12	539783539822	208346366264	148913113077	494553763516	863955022684	1.53652446197e+12	764403176700	1.60908894954e+12	655226241822	82794838819.1	116617439260	485044981811	657377486349	117725067785	95932997933.8	51594310675.3	14552070676.4	6079415933.48	24976487554.4	32113289852.2	45364121775.1	733600410177	293568643198	299778799141	93105121050.7	5852244048.62	58169829590.6	30264123938.9	286828612856	844824454432	728855298987	1.10553492395e+12	713315755511	15406568257.1	167875009447	289053623838	400253389403
Climate change endpoint, human health | ILCD recommended CF | Disability Adjusted Life Years (DALY)	1001789.53845	1027206.22118	1770497.3543	393140.814089	137806.99829	373618.714804	905541.641514	1269799.90871	2532698.06021	1429124.30002	6638401.50327	755695.916604	291684.864286	208477.54513	692373.039312	1209533.66595	2150801.03924	1070160.21207	2252694.32258	917314.378561	115912.248027	163262.603764	679056.234378	920306.611729	164784.982627	134306.151503	72231.3811572	20372.884955	8511.18116637	34966.8982503	44958.1515679	63508.9198331	1026848.71453	410995.103278	419662.876336	130345.849886	8192.75572454	81431.604411	42369.0600633	401545.857814	1182603.89077	1020395.95389	1547725.73481	998640.20392	21568.7791032	235022.057499	404672.969143	560347.124111
Climate change endpoint, ecosystems | ILCD recommended CF | Potentially Disappeared Fraction of species (PDF)	5669.40742449	5815.12896795	10028.3082318	2226.79515782	780.564977317	2116.10221086	5129.17642362	7188.67614254	14332.0805815	8089.24599761	37601.5042019	4280.4211997	1652.16977862	1180.83076087	3921.76111762	6845.41894888	12171.0786721	6057.65811448	12758.8208424	5195.85311032	656.55059703	924.707285549	3846.28866432	5209.43477758	932.443403954	759.98334019	409.123957604	115.397132459	48.2096854087	198.053767763	254.648867142	359.388737487	5810.12847555	2325.50584375	2375.80697798	738.243640166	46.3838991661	461.0061917	239.929313567	2272.02348673	6691.9911332	5774.99710424	8764.87483076	5656.49940443	122.152679205	1331.08931689	2292.14617359	3171.74879976
Human toxicity midpoint, cancer effects | ILCD recommended CF | Comparative Toxic Unit for human (CTUh)	259.622671858	197.371348224	11503.2612529	49.8563172477	15.4477050757	536.755977976	16977.3839311	1378.79314437	84.9424772158	159.367612156	21781.2702544	18.6130267567	2.97572554884	63.4180259729	14516.9754092	132.050185643	113.42132485	119.671631588	10196.1976086	70.8525500063	8.15414282576	143.335264601	4252.16233519	104.230969275	6.25906584878	0.611041834972	204.233640688	0.187966160327	0.00274165819616	6.56375223363	100.590906847	9.47346085761	9.22731253213	105.80155046	2775.75265308	12.8346461474	3.79381569013	21.6990396604	218.794495861	53.7639757553	37.5527739176	180.746700591	7103.34327745	59.1460965381	9.15753508481	97.5383629714	4381.54303954	128.588577205
Human toxicity midpoint, non-cancer effects | ILCD recommended CF | Comparative Toxic Unit for human (CTUh)	35161.4924221	31054.3600909	2809487.08216	11164.0559526	3813.64888715	88072.7903002	1431895.98099	145678.385577	2588.52427485	21156.4796916	4720189.86083	3559.81601291	939.91837727	10775.3445572	1219683.87208	12636.2133221	4713.31888785	36676.5353334	3196012.546	10391.9900439	1336.60700335	20846.5671477	358715.873952	15754.5460813	113.029714476	88.5559057539	34677.5409218	31.027991863	1.04951215162	959.348606111	8572.76719669	1329.2812349	895.730218031	31958.0486677	901902.722524	2927.54577371	1127.98672898	5823.65179237	19015.8159167	12655.7817603	1707.79840796	57567.3240989	2299194.16929	8489.60596019	2035.94534785	18458.9332732	369641.882566	21461.5625731
Human toxicity endpoint, cancer effects | ILCD recommended CF | Disability Adjusted Life Years (DALY)	2984.89880464	2268.6879541	132330.917522	573.340780577	177.673765868	6171.92185846	195146.79127	15849.2246878	975.997237897	1831.0968774	250355.396197	213.863669716	34.2326763894	728.677841389	166865.260511	1516.99366628	1303.30422357	1376.17381348	117261.740066	814.099881484	93.7145246711	1647.74399622	48876.4642069	1198.04888969	71.9162700264	7.01971920484	2347.33102557	2.15929102761	0.0314920712759	75.4263825813	1156.24105681	108.87940257	106.043327994	1216.65206575	31923.4193098	147.533252515	43.6256602753	249.480760764	2514.94278421	618.096096486	431.489425735	2078.66160816	81694.1281953	679.614260147	105.288089638	1121.20502138	50363.6466209	1478.08326808
Human toxicity endpoint, non-cancer effects | ILCD recommended CF | Disability Adjusted Life Years (DALY)	94905.5168547	83784.1658449	7585179.64732	30135.9915635	10294.9978824	237719.901607	3862597.85108	393039.837558	6984.90582772	57049.1864661	12737028.9172	9605.74247439	2537.46039321	29072.8756964	3290127.15322	34088.1562739	12718.6888762	98998.0523683	8627115.3997	28028.1130345	3605.76233623	56254.3663806	967648.240271	42516.2728739	305.038170115	238.811843412	93549.5767637	83.6665101718	2.83170928768	2587.386347	23125.3954916	3585.75831663	2417.64711082	86260.5893313	2434559.35986	7900.68433219	3044.61822713	15718.7384561	51297.062737	34157.287519	4608.39294616	155393.490181	6206353.04084	22906.5027007	5494.92458649	49811.3770764	997122.186991	57912.0914087
Particulate matter/Respiratory inorganics midpoint | ILCD recommended CF | emission-weighed average PM2.5 equivalent	746865171.381	182987997.669	2666859443.13	42733188.3529	9640217.62244	117711223.711	699784240.709	358065918.416	1300539522.58	1791459776.45	12269967272	58263441.4131	3271930.93995	427970789.257	624847276.735	420937044.663	1202568812.87	411258593.882	3554314724.68	99919878.8639	13096948.775	75645624.6096	201715890.47	115220671.052	65813716.4461	16055323.5825	114467482.205	317456.279787	26595.1260866	7659661.7666	7914761.11384	7263217.33351	322366002.457	182040853.584	882678090.2	22163570.2488	3357417.27715	79299383.7285	14843814.0465	123399317.649	1093230146.3	391779257.351	2652628628.59	158464591.893	5924321.63898	126598196.163	204867871.168	516728828.292
Particulate matter/Respiratory inorganics endpoint | ILCD recommended CF | Disability Adjusted Life Years (DALY)	1344357.30138	329378.395256	4800346.97324	76919.7384095	17352.3916229	211880.201713	1259611.63191	644518.651336	2340971.12792	3224627.59153	22085941.0133	104874.194254	5889.47566673	770347.418632	1124725.09689	757686.677168	2164623.84915	740265.467066	6397766.48593	179855.781641	23574.507784	136162.123908	363088.598698	207397.207059	118464.688921	28899.582414	206041.466875	571.42129962	47.8712266012	13787.3911099	14246.5698829	13073.7911287	580258.80131	327673.535997	1588820.55873	39894.426405	6043.35108733	142738.890274	26718.8651971	222118.771188	1967814.2536	705202.661602	4774731.51883	285236.265513	10663.7789296	227876.75274	368762.16728	930111.886589
Photochemical ozone formation midpoint, human health | ILCD recommended CF | Photochemical ozone creation potential (POCP)	540860379.071	1881605048.64	5234714939.38	147150840.291	20747665.3877	376654468.079	672937005.52	1428108870.44	979633641.211	2361584089.78	11001002675.6	131142583.891	7580449.18837	495041653.255	702678008.43	1726229551.67	1275928043.62	2383252290.89	9344447463.44	271547110.166	25178444.2011	248927498.89	734435135.625	1061464988.97	74988330.1432	109900492.053	325537044.329	1623488.50771	200362.826759	57677025.8059	33192701.5958	99987473.4725	273183695.583	691120945.321	1204995383.82	42455233.7471	4548216.04258	177321358.355	30871468.5103	276302751.799	491038962.666	1830279482.97	3069571667.96	233847907.943	6439863.49076	249973116.629	335765780.762	606590410.493
Photochemical ozone formation endpoint, human health | ILCD recommended CF | Disability Adjusted Life Years (DALY)	21.1105970514	73.3967537947	204.190814996	5.73993904488	0.809345611521	14.6913661617	26.239412615	55.7142869638	38.2523789685	92.1284576911	429.115144457	5.11443086038	0.29572893427	19.3096160487	27.4002413087	67.3524394255	49.8074513609	92.9666667947	364.443643944	10.5888615781	0.981701333822	9.70841255507	28.6492640001	41.4137575185	2.92775599022	4.28947402818	12.6966388941	0.0633197791313	0.00781428542202	2.24946620189	1.29470835629	3.90103642408	10.6738542163	26.963700955	46.9978233142	1.65558431507	0.177432437458	6.91673734774	1.20423276596	10.7862053628	19.174355288	71.4029522335	119.719863428	9.11552492986	0.251170235537	9.74872590732	13.0944525783	23.6672934781
Acidification midpoint | ILCD recommended CF | Accumulated Exceedance (AE)	28600653370.7	826376073.601	5715552626.6	261672896.867	35812154.0215	458000511.42	4080933283.62	1450709314.49	49255910939.3	4743102853.5	30655531477.6	490099510.265	14250946.8255	417472691.211	3400639578.56	1033078891.06	45766544130.2	836589730.394	15859278900	1265039646.72	169293672.774	490783964.206	1103033899.18	988774690.172	2432990701.33	20678072.897	751538414.461	3516958.48921	459100.606737	58655972.5401	39629476.9526	97672874.817	13676804535.1	933317311.123	5466195206.01	336750800.552	48084074.642	510396454.969	113172994.851	1115352894.18	45066708976.9	1179141557.19	27249688887.3	2505785610.64	87660848.3114	909202296.027	1103256401.78	17974754940.1
Acidification endpoint | ILCD recommended CF | Change in potentially not occuring fraction of plant species per change in base saturation	134.431133996	3.68017816368	25.4464529128	1.17084700423	0.160952969253	2.05182276026	18.0854707061	6.49500002441	231.478211553	21.0086061416	135.898489245	2.17694991311	0.0633088637857	1.85579332976	15.0693531719	4.58390324333	215.150983193	3.71101924944	70.8280238264	5.61998503202	0.754869144839	2.22206144826	4.90988487203	4.53706730555	11.4381595137	0.0916846674841	3.33580595065	0.015607410916	0.00203592615033	0.261177358122	0.178614820755	0.450284772307	64.2959781517	4.14071905833	24.6717728259	1.51487826992	0.220315736347	2.35934022281	0.511747335203	5.16830516439	211.874147045	5.24819191926	125.825709278	11.1316490639	0.402569893879	4.10456615197	4.89784208311	84.3889583042
Eutrophication terrestrial midpoint | ILCD recommended CF | Accumulated Exceedance (AE)	127056579920	348714789.855	2295349079.65	200222325.131	39006999.4067	391386253.227	280362182.709	1172685181.22	218190004384	140189856.399	2796194844.03	114703093.64	3469723.39739	121172481.545	213104829.881	162294372.446	203890177143	114548376.169	9955859578.85	310157415.606	86709252.5145	799974507.452	427034673.916	2593901526.87	10847770797.3	2164122.11558	136528899.513	588593.317943	53201.161184	24087411.141	51395082.5629	290515745.925	60939759222.9	138002841.282	7658579923.06	389534549.068	120903087.33	1621445134.85	173854628.193	3747095043.9	200986167225	448885970.472	84325072477.3	607919319.559	235362937.821	1287949004.23	214881197.293	78264655431.8
Eutrophication marine midpoint | ILCD recommended CF | Potentially Disappeared Fraction of species (PDF)	1054099033.41	2893041.21954	19042896.0682	1661103.73442	323613.624706	3247056.32307	2325967.73803	9728943.72572	1810168925.26	1163056.58642	23198060.9283	951610.850938	28785.853371	1005282.80986	1767980.81086	1346442.20103	1691533321.48	950327.268956	82596760.9505	2573157.81836	719365.65049	6636825.54331	3542806.1836	21519775.6304	89996320.6889	17954.1982922	1132684.20337	4883.14456368	441.37259649	199836.299836	426388.833115	2410204.70693	505574298.738	1144912.46101	63537848.2506	3231694.03671	1003047.83563	13451989.2669	1442349.50796	31087010.7346	1667440794.76	3724091.01429	699585786.478	5043478.7993	1952640.66933	10685206.5536	1782718.08124	649306770.99
Ecotoxicity freshwater midpoint | ILCD recommended CF | Comparative Toxic Unit for ecosystems (CTUe)	19004312742.7	9454384184.05	1.12459327818e+12	7155368825.92	2093145729.96	40751252770.5	659147749051	64377333012.2	6593381892.37	11217563571.8	1.90363858038e+12	6361712702.29	638536813.207	7637153874.41	561722093724	11997513377.3	9855736391.59	22132049227.4	1.77477846455e+12	6099385945.54	645787170.05	11727468450.1	167914068340	11073685652.3	379009161.275	93817529.9827	7857043335.46	14510675.4505	1073078.50585	491431443.422	4336358360.87	426611326.261	1041749286.73	17507191246.1	511907931711	2107390867.6	696988573.296	3728582546.66	8782271013.34	6626777967.33	4755936999.47	34414993239.8	1.30745045934e+12	8214602472.77	1113089924.06	10421817441	173689520820	12868485607.6
Ecotoxicity freshwater endpoint | ILCD recommended CF | Potentially Disappeared Fraction of species (PDF)	19004312742.7	9454384184.05	1.12459327818e+12	7155368825.92	2093145729.96	40751252770.5	659147749051	64377333012.2	6593381892.37	11217563571.8	1.90363858038e+12	6361712702.29	638536813.207	7637153874.41	561722093724	11997513377.3	9855736391.59	22132049227.4	1.77477846455e+12	6099385945.54	645787170.05	11727468450.1	167914068340	11073685652.3	379009161.275	93817529.9827	7857043335.46	14510675.4505	1073078.50585	491431443.422	4336358360.87	426611326.261	1041749286.73	17507191246.1	511907931711	2107390867.6	696988573.296	3728582546.66	8782271013.34	6626777967.33	4755936999.47	34414993239.8	1.30745045934e+12	8214602472.77	1113089924.06	10421817441	173689520820	12868485607.6
GHG emissions AR5 (GWP100) | GWP100 (IPCC, 2010)	745790533951	816932232632	1.35950629796e+12	281757906789	98633524026.3	271422966770	647504907945	995598376228	1.85492196328e+12	1.11042289165e+12	4.94963692233e+12	540860259182	208544036128	149482211156	494368600362	954788647274	1.6001030917e+12	861757610284	1.7082496175e+12	655757310172	82765255910	116939969152	484152410362	953831290698	120616956646	105458971457	52153074990.3	14557689285.3	6080008207.98	25336022543.2	32067400984.8	56205115167.2	753949186458	324299163601	308400185693	93624499032.5	6018982808.38	59379050042.2	30796935231.4	312971961423	882659950438	791085323914	1.12748049301e+12	713857626642	15536736539.6	168837940007	288915118248	433581654703
Nitrogen	8051159126.92	49344198.9156	285530174.952	29990064.5318	6110739.98399	58099370.3406	256227685.139	637810361.738	20226723256.1	41421561.3493	665165152.177	39938010.4373	4103565.72707	23726816.2103	229460441.458	756040940.405	9210006726	34467660.5253	485436522.623	51558788.943	5564457.74827	62754097.2045	131582163.964	941733177.385	392698368.652	1272082.4558	10071761.3781	719277.403765	100536.08372	5631729.48238	7721923.83016	59006377.8087	1951004767.99	11005549.7438	270990786.646	13768397.1025	3039703.70101	32865651.0009	10903325.038	111010841.259	6011210571.76	32938888.4604	1154797734.69	62131419.9646	7193812.7924	42128315.8427	95894747.3472	618025155.086
Phosphorous	1858810727.25	5286579.64156	33321983.9518	2097330.86232	371083.580309	5663821.76267	1441293.94697	20540629.0523	10430051721.4	0	38311537.5109	0	0	989572.061196	0	15287273.7365	10243168281.9	2866604.69434	600757601.08	10432545.1442	3462659.38473	13873578.1009	4868495.21383	100746014.348	878269725.75	0	9017362.31137	0	0	3061614.77523	1628622.03532	59153697.0584	1648236963.73	3003434.95911	183265394.758	9006547.41029	2831207.41875	23991790.7136	3323611.06255	84318357.9616	2349193274.72	2340931.08119	290138804.734	12395033.8628	5741371.11292	23778371.9526	1646099.8237	67521876.5156
PM10	96128253.8296	168969532.207	1887604716.3	31751584.6806	8154648.3572	90024050.9925	436332382.861	272453806.23	173690156.895	1613761130.67	7402337341.81	37636313.407	1899900.34597	357782428.841	397436444.029	329986392.132	162274787.214	378047542.052	2360173700.52	41737731.5592	5936974.44393	52757215.2206	132420621.259	68299372.2295	10021234.1693	26352871.2028	58058792.2242	198556.980898	4956.11172319	5262618.09968	6066752.52599	4145930.43538	17083561.714	134733285.818	551199884.981	8414876.10378	1695430.4043	52890063.2067	8816992.90163	77261315.8622	86606320.7305	320714314.109	1530107309.26	43655362.9728	2861657.81286	82352979.1625	137711516.849	99462923.2743
PM25	85408607.6375	70991699.6868	1404226228.72	26070429.5096	6266738.17123	67292516.0907	407527040.209	182529359.617	152028613.984	998816121.922	5044226452.53	30894716.7897	1483616.52186	272364751.575	374814468.967	267950643.041	150893353.063	256035003.847	1790997287.42	32628472.8184	4249329.55502	42539231.8532	123204791.128	60201393.0643	9482099.57121	3753756.85871	38104474.7069	82532.8415356	4676.74946664	3819021.86028	5361621.59061	2312050.7719	14947218.5192	95997608.8937	418665639.91	6683860.14523	1358789.8056	48565265.2408	8110975.28508	68223957.2985	76900226.6772	242725207.234	1121965540.56	32313662.3638	2093499.83543	53676337.7058	126500319.834	67726663.6818
SOx	135592261.617	571272735.553	3971049264.27	165559100.131	20676445.6365	282783173.279	3067339866.39	907156714.637	340457135.505	3596749514.05	22923673537.9	354534353.734	10286073.9319	297989281.146	2559516976.21	760895449.506	118745308.821	619057125.49	10406195602	912714720.697	114424802.932	238035651.924	769087527.494	311839169.136	4812364.14893	15415229.5912	550378926.7	2584189.30078	341373.519038	40662236.2253	21474966.894	24949180.5108	33858545.125	688889743.821	2864841612.29	190542350.538	16059241.387	112727612.94	56703107.3426	211537293.689	80426698.8159	823453513.784	6401418213	1809001379.63	26724646.875	474109414.961	805486016.864	356230267.883
NOx	1055444720.27	786887566.875	3939659928.1	561779580.763	127090660.102	651496874.869	6398537625.8	1074257538.33	1723403180.9	1027938194.93	13723341104.4	998955453.779	104373423.073	467679404.711	5835215319.23	343402855.066	1878518399.3	817240459.804	6031816164.29	1180205589.36	91738700.1801	297871468.189	3125859725	510913093.396	88833633.4457	32013583.463	157594842.281	18270205.5057	2562849.51757	62488204.9542	166218909.669	29850469.7933	162777919.72	167821629.056	1010242036.56	181200104.701	18579200.9642	148388801.258	152929947.441	89926206.1436	947862988.108	684834716.229	3148439649.38	1194628312.52	22074764.9289	381457333.074	2381167058.18	357452756.328
Domestic Extraction Used - Crop and Crop Residue	885816.813326	0	0	0	0	0	0	0	2806474.95014	0	0	0	0	0	0	0	2212364.95553	0	0	0	0	0	0	0	75364.8682225	0	0	0	0	0	0	0	655640.252187	0	0	0	0	0	0	0	1012837.13601	0	0	0	0	0	0	0
Domestic Extraction Used - Grazing and Fodder	1129298.83112	0	0	0	0	0	0	0	2862040.71888	0	0	0	0	0	0	0	3605160.5657	0	0	0	0	0	0	0	252195.758285	0	0	0	0	0	0	0	1475840.22532	0	0	0	0	0	0	0	1424884.40969	0	0	0	0	0	0	0
Domestic Extraction Used - Forestry and Timber	409534.123232	0	0	0	0	0	0	0	611412.407988	0	0	0	0	0	0	0	634783.666859	0	0	0	0	0	0	0	19866.5125802	0	0	0	0	0	0	0	500181.486119	0	0	0	0	0	0	0	226621.176673	0	0	0	0	0	0	0
Domestic Extraction Used  Fisheries	14374.0278974	0	0	0	0	0	0	0	32830.2498323	0	0	0	0	0	0	0	17823.249868	0	0	0	0	0	0	0	176.278121462	0	0	0	0	0	0	0	7203.65779543	0	0	0	0	0	0	0	17084.3941476	0	0	0	0	0	0	0
Domestic Extraction Used - Non-metalic Minerals	0	3748086.64627	0	0	0	0	0	0	0	15100227.5486	0	0	0	0	0	0	0	3832929.36966	0	0	0	0	0	0	0	83810.6403786	0	0	0	0	0	0	0	964358.917727	0	0	0	0	0	0	0	3511867.36843	0	0	0	0	0	0
Domestic Extraction Used - Iron Ore	0	195269.951708	0	0	0	0	0	0	0	1086859.53978	0	0	0	0	0	0	0	492977.982564	0	0	0	0	0	0	0	372314.6886	0	0	0	0	0	0	0	68654.0807965	0	0	0	0	0	0	0	102829.595623	0	0	0	0	0	0
Domestic Extraction Used - Non-ferous metal ores	0	254127.322719	0	0	0	0	0	0	0	987552.071655	0	0	0	0	0	0	0	2122852.55276	0	0	0	0	0	0	0	296754.369837	0	0	0	0	0	0	0	307877.926897	0	0	0	0	0	0	0	371099.71243	0	0	0	0	0	0
Unused Domestic Extraction - Crop and Crop Residue	531050.376933	0	0	0	0	0	0	0	1610119.50249	0	0	0	0	0	0	0	1109252.62683	0	0	0	0	0	0	0	25053.5740861	0	0	0	0	0	0	0	468947.714782	0	0	0	0	0	0	0	518391.941318	0	0	0	0	0	0	0
Unused Domestic Extraction - Grazing and Fodder	211660.867636	0	0	0	0	0	0	0	69332.1955935	0	0	0	0	0	0	0	195605.292105	0	0	0	0	0	0	0	3607.03920186	0	0	0	0	0	0	0	4078.9733167	0	0	0	0	0	0	0	34783.2852811	0	0	0	0	0	0	0
Unused Domestic Extraction - Forestry and Timber	69579.5204406	0	0	0	0	0	0	0	91711.8611982	0	0	0	0	0	0	0	95212.6976477	0	0	0	0	0	0	0	2979.97688703	0	0	0	0	0	0	0	75027.2229178	0	0	0	0	0	0	0	33993.176501	0	0	0	0	0	0	0
Unused Domestic Extraction  Fisheries	3136.26472694	0	0	0	0	0	0	0	6139.76128376	0	0	0	0	0	0	0	3429.39396833	0	0	0	0	0	0	0	28.6135664664	0	0	0	0	0	0	0	1671.47695302	0	0	0	0	0	0	0	3712.10979563	0	0	0	0	0	0	0
Unused Domestic Extraction - Coal and Peat	0	5433867.74004	0	0	0	0	0	0	0	5722135.15897	0	0	0	0	0	0	0	7023074.19947	0	0	0	0	0	0	0	5782575.98821	0	0	0	0	0	0	0	1941151.9793	0	0	0	0	0	0	0	1111632.54298	0	0	0	0	0	0
Unused Domestic Extraction - Oil and Gas	0	211840.059717	0	0	0	0	0	0	0	72693.3880674	0	0	0	0	0	0	0	224632.078799	0	0	0	0	0	0	0	8278.213196	0	0	0	0	0	0	0	104198.443687	0	0	0	0	0	0	0	364669.801318	0	0	0	0	0	0
Unused Domestic Extraction - Non-metalic Minerals	0	469744.188035	0	0	0	0	0	0	0	159949.194136	0	0	0	0	0	0	0	71996.3090139	0	0	0	0	0	0	0	2477.11934559	0	0	0	0	0	0	0	10500.527599	0	0	0	0	0	0	0	46192.5597411	0	0	0	0	0	0
Unused Domestic Extraction - Iron Ore	0	115990.351315	0	0	0	0	0	0	0	877365.764323	0	0	0	0	0	0	0	428084.670063	0	0	0	0	0	0	0	443799.108811	0	0	0	0	0	0	0	67166.3286535	0	0	0	0	0	0	0	91896.8020809	0	0	0	0	0	0
Unused Domestic Extraction - Non-ferous metal ores	0	218294.942808	0	0	0	0	0	0	0	397322.846938	0	0	0	0	0	0	0	3340587.6219	0	0	0	0	0	0	0	341754.125297	0	0	0	0	0	0	0	502235.47669	0	0	0	0	0	0	0	483847.524472	0	0	0	0	0	0
Land use Crop, Forest, Pasture	10036725.4025	0	0	0	0	0	0	0	9693868.82601	0	0	0	0	0	0	0	18718277.2844	0	0	0	0	0	0	0	2632570.37784	0	0	0	0	0	0	0	11202337.0828	0	0	0	0	0	0	0	7293905.00175	0	0	0	0	0	0	0
