region	Europe	Europe	Europe	Europe	Europe	Europe	Europe	Europe	Asia	Asia	Asia	Asia	Asia	Asia	Asia	Asia	America	America	America	America	America	America	America	America	Oceania	Oceania	Oceania	Oceania	Oceania	Oceania	Oceania	Oceania	Africa	Africa	Africa	Africa	Africa	Africa	Africa	Africa	Other	Other	Other	Other	Other	Other	Other	Other
sector	food	mining	manufactoring	electricity	gas	construction	transport	other	food	mining	manufactoring	electricity	gas	construction	transport	other	food	mining	manufactoring	electricity	gas	construction	transport	other	food	mining	manufactoring	electricity	gas	construction	transport	other	food	mining	manufactoring	electricity	gas	construction	transport	other	food	mining	manufactoring	electricity	gas	construction	transport	other
impact																																																
Value Added	283188.913573	283878.97414	2740596.9524	261457.085894	67984.7816517	2748014.25614	1359356.76328	6679706.88339	843598.795227	264539.089748	3245943.50139	142252.936838	36051.1041426	2562442.75727	872746.768717	3908975.90096	331205.730888	431628.301921	2410494.39878	256409.898898	35669.0849573	3043912.20123	1396301.99426	8172896.40971	23095.0397084	85308.9120882	117466.624787	4318.77771662	92.3493690233	169100.384877	71631.8315414	444790.137005	175310.683587	135491.454843	224646.923885	22169.9052028	1853.44028346	244968.096584	108008.225242	376290.71703	253527.077911	387065.39831	744429.208604	70313.4082806	11766.1738728	689174.042453	290821.577761	1061166.74045
Employment	46554.9706315	5687.22628588	82309.2768679	2849.6743445	1440.74943805	95026.163576	35540.3780359	176158.52832	570895.712629	17171.6454496	183179.989565	1060.49779518	685.097468927	190553.656522	47325.9142355	179161.785323	42327.411362	6597.59749303	66996.2891537	2391.12407433	467.987512487	98235.8452597	21716.7267472	173980.933305	358.324227507	154.439395357	1709.41175629	16.3119191778	0	2793.73775125	602.518621918	5365.03961478	173055.425943	10761.5575121	48036.7263889	2101.32804815	442.827077349	40998.8455689	17574.2437053	65918.1167618	144752.765058	28080.0370871	182023.149051	9192.01942933	3302.8351371	74476.0452532	29627.7119451	87554.8943536
Employment hour	99151558390.5	11695706508.1	162435133519	5749533720.2	2854890124.23	179458147207	68963857189.3	312116469189	1.17816216554e+12	40518001060.1	446098352621	2419426394.65	1585774708.6	479510408014	115372299144	409275058575	88671722000.9	15585475415.2	147835108263	4704151358.44	923888407.774	203702618469	48477228777.9	345080650515	759896385.816	361388185.134	3135103103.51	32455432.9622	0	4814484991.87	1171675496.93	9190259545.95	407644607723	23860720565.5	109329179006	4732565837.35	1007453328.06	87157364389	37078851217.9	140026992754	231836061418	65874131835.2	414013264050	21181575678.1	7564614912.05	174042475147	69548095947.1	205266120629
GHG emissions (GWP100) | Problem oriented approach: baseline (CML, 2001) | GWP100 (IPCC, 2007)	745153514207	840999871322	1.37801332114e+12	290213550928	113061718719	273716412091	678888415707	975246845508	1.84237021868e+12	1.24480659905e+12	5.08128903846e+12	569012937066	219123333840	151694673677	513735217118	909310270864	1.5690630168e+12	842568731592	1.72093584272e+12	666945286693	84225278793.4	118447098274	503143670618	928251931825	119938441540	112102654640	53423889669.7	17570596975	6370042168.99	25724256635.7	32866120812.6	53669694412.9	743507723514	307099908118	305679138329	95230410924.1	5916893227	58952525799.7	31340735272.2	292956975687	856974391770	755923507789	1.13078002313e+12	738757313160	16180606317.9	171079585458	302612937274	418257892671
Human toxicity (USEtox) | USEtox2008 | CTUh (Rosenbaum et al., 2008)	36395.0493837	34425.661494	2911664.65574	11760.3017974	4465.79129095	91197.3589343	1532922.97804	152890.073194	2748.37082489	25998.8352508	4963704.73214	3844.72238554	1008.25954823	11240.7941195	1293528.64253	13364.7119816	4930.15406484	38837.1895524	3300296.42808	10860.9464659	1393.04294627	21603.3923515	379842.63475	16433.8062819	122.17400308	106.062754858	36409.8513412	38.5331352786	1.1274687186	1001.8990881	8957.78077441	1397.5719708	932.379913226	34050.2396122	936275.439546	3063.30839374	1163.59386997	6030.82855135	20104.7156727	13186.4666313	1794.76644972	60608.7295337	2389293.55	9023.59590284	2181.87978955	19231.9275711	395067.518115	22479.9375889
Fresh water Ecotoxicity (USEtox) | USEtox2008 | CTUe (Rosenbaum et al., 2008)	24770430289.6	13058156634.5	1.39812227536e+12	8335994349.68	2750244707.58	54686545005.7	1.17550959232e+12	101128438373	6688952968.18	15087258503.9	2.10415232095e+12	6840290079.63	742776575.353	8083013058.85	993745427383	12748720481.4	10324103519.2	25054124904.3	1.97830316221e+12	6705030579.58	761119095.665	15347848458.9	294074864174	13096980002.4	376781431.867	111931182.395	9448156779.48	17986919.6524	1135550.27322	552166741.521	7236020091.4	554196660.933	1085484312.64	20063187734.3	571974075640	2310699239.15	767205615.39	4096825702.71	15203383602.7	7468856848.28	4828668392.8	38814450474.5	1.46331002303e+12	9019229719.41	1354714174.55	12211246663.9	306610367688	15542464321.1
EPS | Damage Approach | EPS (Steen, 1999))	148880973243	119356932857	4.52043530731e+12	47917252929.1	19705261526.9	122913769816	131178136162	180279006109	273013404643	222580878831	2.32273297795e+13	67212487911.2	24414694226.7	35593380153	95163549252.3	123170387018	236430104433	181610374864	7.72137490386e+12	86160523629.9	11299565870.1	41329219973.4	74099375236	100013744929	16958838436.4	13387778675.2	74713774685.6	1966510376.75	695281420.941	4083570206.45	4304716032.22	7260366163.05	102531586489	109353951587	2.02805302815e+12	16519268752.9	3094296531.07	20957979836.3	6366107612.75	61315098352.2	147188565083	222795172255	5.16594836813e+12	96945439482	5800946785.08	50021694945.3	49685689909.4	94120696531.1
Carcinogenic effects on humans (H.A) | ECOINDICATOR 99 (H.A) | Carcinogenic effects on humans (H.A)	18250.9730733	9647.81179581	729654.219855	4285.49851432	1114.80494814	32360.6732987	961602.662818	77403.365811	9634.1489647	9624.66655613	1286998.27079	4674.66371648	207.526285018	2723.94180879	813607.085568	23809.3247392	12116.703196	9085.38835052	759636.048194	6500.37053035	400.713572976	8924.25815676	238581.805073	13066.4511208	736.5166544	77.4834315533	5166.79110568	10.8058073754	0.303957182755	218.282850522	5561.17719464	367.236279543	969.146288328	7735.84275579	211444.909133	1543.20341171	270.52954051	1579.2928303	12310.5335116	3871.88736745	4207.61937477	14828.3164773	542772.128074	13215.9097663	662.235780779	6664.09520717	248053.654539	9201.4050558
Respiratory effects on humans caused by organic substances (H.A) | ECOINDICATOR 99 (H.A) | Respiratory effects on humans caused by organic substances (H.A)	407.672630778	2315.08582522	4641.76804637	125.306034187	19.210565908	380.081804262	430.364693514	1443.36893826	518.299529671	2304.04326265	6709.94414541	108.82955623	6.27708252477	474.037166079	537.947904908	1642.89300157	838.194371541	2738.075367	9609.64718921	219.814905388	18.4268261042	268.243200349	571.091587948	1104.97452536	48.704590308	114.382032805	283.674621619	1.76546946758	0.19599962582	64.8966387357	31.9362861451	106.320321531	94.8738258119	674.884382085	958.441742677	27.696280156	2.59279578975	181.813094513	25.4248295432	185.209441869	302.301032478	1949.0058611	2573.82465377	96.3652655368	3.88346501813	245.667578983	290.781699724	577.767423909
Respiratory effects on humans caused by inorganic substances (H.A) | ECOINDICATOR 99 (H.A) | Respiratory effects on humans caused by inorganic substances (H.A)	6208919427.06	4888121235.6	600841512551	2765996642.1	911345881.816	15146280764.7	89566958458.1	15841804578.2	1059539047.28	3555446605.6	854228783763	2033324603.31	212024928.227	2033910330.43	74310943125.4	7981966529.6	1524418069.03	7636835991.08	646833729564	2516629178.33	194203687.327	3122637150.91	22398015840.2	4855878182.26	65160667.7258	30496438.1835	4633689829.14	4640027.691	200251.992975	121582157.724	554886179.246	169838630.198	233400932.294	6500207426.42	183836976966	806304769.435	226307180.59	1210013364.02	1296676017.03	2567341680.17	671951583.613	12286247789.3	469950311151	4728265567.39	394739246.156	3506458147.99	23304336443.6	4104039476.26
Damages to human health caused by climate change (H.A) | ECOINDICATOR 99 (H.A) | Damages to human health caused by climate change (H.A)	146774.638907	154743.058268	269133.384806	60687.0239555	23682.6699924	56372.1367	142369.786221	182384.418758	367611.487545	233041.187204	1022204.46047	119209.683257	45957.1734047	31698.7149616	107904.966911	166256.534627	307787.245516	152139.634653	339618.761987	139890.91364	17688.4957851	24764.3139331	105825.678155	128724.044892	23914.574817	20429.1291495	11089.3121051	3687.75392847	1337.51551519	5318.63859798	6908.40989548	8630.24454632	147469.51886	55491.0528449	61382.8281933	19830.2696194	1189.97441347	11942.9899865	6414.63102483	53827.5647526	166980.217427	140922.762609	231240.623628	154956.816447	3354.465685	35611.9504704	63558.8369591	78736.6007995
Damage to Ecosystem Quality caused by ecotoxic emissions (H.A) | ECOINDICATOR 99 (H.A) | Damage to Ecosystem Quality caused by ecotoxic emissions (H.A)	6208881118.32	4888068730.83	600847311015	2765988962.88	911349037.313	15146364423.1	89566511641.6	15841698499.1	1059365558.47	3554040283.89	854243660628	2033289010.43	212025372.423	2033598603.02	74310515830.2	7981668072.18	1524252573.36	7636625545.53	646842831249	2516600031.86	194201011.435	3122625775.49	22397878629.8	4855842645.34	65150105.796	30481874.1178	4633749952.08	4639870.28852	200246.615361	121578860.095	554880010.392	169838470.464	233386162.118	6500193237.04	183839581543	806303968.19	226309152.99	1209976385.82	1296669582.22	2567299518.92	671864781.301	12286146741.2	469956855263	4728235357.07	394742602.531	3506432456.2	23304193505.2	4103999330.4
Damage to Ecosystem Quality caused by the combined effect of acidification and eutrophication (H.A) | ECOINDICATOR 99 (H.A) | Damage to Ecosystem Quality caused by the combined effect of acidification and eutrophication (H.A)	154848222677	5947773500.67	29779118315.9	3728289655.04	909676599.67	4534809312.52	42018933233.7	8601045077.83	266019180433	11693704002.6	108330675742	6536316059.28	642562564.423	3174714481.57	37652665554.8	3007136317.2	248311595874	5644732506.17	57408301586.5	8191073875.9	756004427.563	2913874203.45	19862904955.4	6305252982.36	13253062648.5	234514487.5	1670358740.26	130086594.842	15778148.6456	434543213.309	1055402653.48	544018070.396	72190341788.2	1913831216.76	17878308501.3	1720872335.54	264849861.672	2872609868.56	1173458592.76	5151447637.84	240365051807	5450788881.84	124057195361	9744031220.14	446219979.631	4235524548.93	15378276647.6	94911835970.8
Carcinogenic effects on humans (E.E) | ECOINDICATOR 99 (E.E) | Carcinogenic effects on humans (E.E)	18250.9730733	9647.81179581	729654.219855	4285.49851432	1114.80494814	32360.6732987	961602.662818	77403.365811	9634.1489647	9624.66655613	1286998.27079	4674.66371648	207.526285018	2723.94180879	813607.085568	23809.3247392	12116.703196	9085.38835052	759636.048194	6500.37053035	400.713572976	8924.25815676	238581.805073	13066.4511208	736.5166544	77.4834315533	5166.79110568	10.8058073754	0.303957182755	218.282850522	5561.17719464	367.236279543	969.146288328	7735.84275579	211444.909133	1543.20341171	270.52954051	1579.2928303	12310.5335116	3871.88736745	4207.61937477	14828.3164773	542772.128074	13215.9097663	662.235780779	6664.09520717	248053.654539	9201.4050558
Respiratory effects on humans caused by organic substances (E.E) | ECOINDICATOR 99 (E.E) | Respiratory effects on humans caused by organic substances (E.E)	97755.7264289	124935.411019	1723841.21371	31249.2234989	8564.51185213	82479.4810628	471146.310215	237970.885485	175298.703168	1562453.46286	6483396.97921	37739.0188432	1848.60741487	330804.265741	427904.148213	321561.797529	169306.900312	335697.214255	2172311.01581	39387.0099379	5308.97622097	50552.2911519	141523.47163	70454.0282459	10660.8186545	14724.1598532	49906.0644846	161.449082757	5.57710307859	4793.04684986	6201.47448407	3381.93493147	17410.924263	123585.457563	509066.673197	8042.27680305	1605.90033711	54732.3089258	9331.37122549	78499.7059292	87988.7095963	301346.72115	1385813.44342	40477.597921	2667.59318152	69979.6125209	147052.688916	87441.2880312
Respiratory effects on humans caused by inorganic substances (E.E) | ECOINDICATOR 99 (E.E) | Respiratory effects on humans caused by inorganic substances (E.E)	915389.027794	112591.139018	613726.322484	62889.7473382	14675.5983757	77975.9988215	776998.273375	157452.335329	1573356.05223	351762.088579	2625364.62034	115181.855749	10417.8843573	61413.0524608	688143.648498	77908.002701	1475782.79906	113005.191723	1198198.98211	160119.476323	15250.5296739	45569.4796167	339219.615471	80304.0555633	78008.7862401	4335.25505068	47097.8640117	2145.03100221	259.548803422	8147.42255088	16802.7498565	6038.64655272	405705.678559	56214.6832611	302718.445656	29713.3694425	3333.45928725	30309.9443658	18530.6551925	44356.4303106	1372517.47955	113681.559691	1189740.15991	216674.592686	5161.36619338	69549.1188532	270445.747874	557991.803802
Damages to human health caused by climate change (E.E) | ECOINDICATOR 99 (E.E) | Damages to human health caused by climate change (E.E)	146774.638907	154743.058268	269133.384806	60687.0239555	23682.6699924	56372.1367	142369.786221	182384.418758	367611.487545	233041.187204	1022204.46047	119209.683257	45957.1734047	31698.7149616	107904.966911	166256.534627	307787.245516	152139.634653	339618.761987	139890.91364	17688.4957851	24764.3139331	105825.678155	128724.044892	23914.574817	20429.1291495	11089.3121051	3687.75392847	1337.51551519	5318.63859798	6908.40989548	8630.24454632	147469.51886	55491.0528449	61382.8281933	19830.2696194	1189.97441347	11942.9899865	6414.63102483	53827.5647526	166980.217427	140922.762609	231240.623628	154956.816447	3354.465685	35611.9504704	63558.8369591	78736.6007995
Damage to Ecosystem Quality caused by ecotoxic emissions (E.E)) | ECOINDICATOR 99 (E.E) | Damage to Ecosystem Quality caused by ecotoxic emissions (E.E))	6208881118.32	4888068730.83	600847311015	2765988962.88	911349037.313	15146364423.1	89566511641.6	15841698499.1	1059365558.47	3554040283.89	854243660628	2033289010.43	212025372.423	2033598603.02	74310515830.2	7981668072.18	1524252573.36	7636625545.53	646842831249	2516600031.86	194201011.435	3122625775.49	22397878629.8	4855842645.34	65150105.796	30481874.1178	4633749952.08	4639870.28852	200246.615361	121578860.095	554880010.392	169838470.464	233386162.118	6500193237.04	183839581543	806303968.19	226309152.99	1209976385.82	1296669582.22	2567299518.92	671864781.301	12286146741.2	469956855263	4728235357.07	394742602.531	3506432456.2	23304193505.2	4103999330.4
Damage to Ecosystem Quality caused by the combined effect of acidification and eutrophication (E.E) | ECOINDICATOR 99 (E.E) | Damage to Ecosystem Quality caused by the combined effect of acidification and eutrophication (E.E)	154848222677	5947773500.67	29779118315.9	3728289655.04	909676599.67	4534809312.52	42018933233.7	8601045077.83	266019180433	11693704002.6	108330675742	6536316059.28	642562564.423	3174714481.57	37652665554.8	3007136317.2	248311595874	5644732506.17	57408301586.5	8191073875.9	756004427.563	2913874203.45	19862904955.4	6305252982.36	13253062648.5	234514487.5	1670358740.26	130086594.842	15778148.6456	434543213.309	1055402653.48	544018070.396	72190341788.2	1913831216.76	17878308501.3	1720872335.54	264849861.672	2872609868.56	1173458592.76	5151447637.84	240365051807	5450788881.84	124057195361	9744031220.14	446219979.631	4235524548.93	15378276647.6	94911835970.8
Carcinogenic effects on humans (I.I) | ECOINDICATOR 99 (I.I) | Carcinogenic effects on humans (I.I)	1050.38315865	1260.97956431	76581.7748612	704.982241311	122.466917593	2774.57576003	57330.6831301	5853.01425357	80.9184251197	1834.27966889	176750.875722	1245.2654521	21.2930305556	365.487701892	48375.5562515	6143.54883445	152.926483001	1097.47196968	86387.3089316	1508.48529703	51.7929494871	781.62750313	14326.1501781	2635.69322917	3.90353502858	18.9392399858	588.106118628	1.97915103544	0.039304306761	27.7007921804	332.950714213	39.7375309115	23.506176146	904.711094059	23779.0216215	324.395688354	31.5841290985	197.71185263	756.152290909	517.641637985	62.0780001279	1871.75064066	61452.1717879	3443.51679404	75.6344093528	949.384762804	14855.2136297	1300.72639812
Respiratory effects on humans caused by organic substances (I.I) | ECOINDICATOR 99 (I.I) | Respiratory effects on humans caused by organic substances (I.I)	538.653068012	2325.48396572	4335.12914957	119.341077498	18.5246119914	361.686240027	402.309482637	1532.9254945	939.667070598	2472.15017252	6252.28200306	103.516622743	6.64391723058	442.519742823	500.876121175	1808.52888683	1180.93460548	2746.86152172	8976.24647798	206.998607192	17.3353988201	251.346010371	531.547632375	1204.2821843	76.4563716921	148.712481056	264.151150884	1.6739978844	0.185462206486	60.6674921535	29.8071987129	115.233312706	296.257697901	751.120080863	940.171446619	28.6499660442	3.29820531433	177.909781443	26.3001325585	284.420917765	527.569691782	2048.70213586	2473.65554747	92.828686933	4.35763931769	233.90280445	271.139662737	643.310482458
Respiratory effects on humans caused by inorganic substances (I.I) | ECOINDICATOR 99 (I.I) | Respiratory effects on humans caused by inorganic substances (I.I)	564226.196223	115913.723589	1425104.90132	30833.3712996	7500.92310283	73364.1275774	477843.993573	214603.585467	980103.021086	1307780.78757	5670407.63662	43710.5001271	1909.49541975	253803.637965	423432.862439	264638.209118	906947.592718	269218.365938	2033188.66926	67406.612759	8842.68025879	49520.0206588	139441.648828	73443.0317592	49716.2906529	11388.951248	58906.415341	267.117221722	21.2782543508	5230.44327398	5758.02780524	4537.27210414	247259.055352	118334.776998	514811.323313	15168.2567555	2284.67221192	50618.8909026	9943.63125961	79973.2924954	837159.962989	253902.366872	1591006.31386	106365.622516	3996.038252	75120.0284403	143741.271008	380739.317075
Damages to human health caused by climate change (I.I) | ECOINDICATOR 99 (I.I) | Damages to human health caused by climate change (I.I)	143761.33116	150493.753146	256796.286105	57853.8882329	22567.7020804	53850.8545509	135647.931205	177143.546381	361029.877727	227827.821786	973924.197028	113581.285553	43783.2942293	30226.4956665	102794.776721	163315.008175	302366.608511	148471.75681	324391.809876	133291.377497	16853.2239269	23631.4520805	100842.063987	125874.210848	23521.6979736	20202.7174966	10572.9919672	3512.83029618	1273.88909623	5072.45512806	6584.47646941	8513.45665697	145360.224357	55033.7628826	59504.3731157	18945.7419793	1151.45045485	11570.7493194	6160.81091535	53333.9251048	164348.637188	138391.133568	221804.063708	147647.306225	3210.69881302	34032.5144168	60560.5397067	76908.473209
Damage to Ecosystem Quality caused by ecotoxic emissions (I.I) | ECOINDICATOR 99 (I.I) | Damage to Ecosystem Quality caused by ecotoxic emissions (I.I)	872288754.912	517406675.815	57517926298.1	318016453.702	99016099.114	1645190173.29	13220267794.6	1953292913.09	456162690.552	542775681.998	104456174606	296370357.09	25810266.7197	304808831.345	11049179488.3	1083033812.7	574072319.373	1027698123.45	85046209154	356986400.122	26455324.2106	431697764.74	3330279472.56	658593678.475	32701375.4382	4540090.75643	414907710.458	827817.342564	41531.6881018	14963337.3166	83486177.6234	18010729.1976	58249937.9653	868253849.871	24541782761.3	111157222.939	30535557.9788	165827460.922	189117773.652	339925996.859	227871841.163	1646172650.44	62738458330.5	662461904.975	53041713.4408	476371873.289	3464981094.55	565635731.47
Damage to Ecosystem Quality caused by the combined effect of acidification and eutrophication (I.I) | ECOINDICATOR 99 (I.I) | Damage to Ecosystem Quality caused by the combined effect of acidification and eutrophication (I.I)	154848222677	5947773500.67	29779118315.9	3728289655.04	909676599.67	4534809312.52	42018933233.7	8601045077.83	266019180433	11693704002.6	108330675742	6536316059.28	642562564.423	3174714481.57	37652665554.8	3007136317.2	248311595874	5644732506.17	57408301586.5	8191073875.9	756004427.563	2913874203.45	19862904955.4	6305252982.36	13253062648.5	234514487.5	1670358740.26	130086594.842	15778148.6456	434543213.309	1055402653.48	544018070.396	72190341788.2	1913831216.76	17878308501.3	1720872335.54	264849861.672	2872609868.56	1173458592.76	5151447637.84	240365051807	5450788881.84	124057195361	9744031220.14	446219979.631	4235524548.93	15378276647.6	94911835970.8
Unused Domestic Extraction	826847.388331	6892366.73711	0	0	0	0	0	0	1805628.9981	8831589.63497	0	0	0	0	0	0	1416636.9213	11343450.9319	0	0	0	0	0	0	32227.1536762	7674586.32202	0	0	0	0	0	0	556987.968908	2662847.04147	0	0	0	0	0	0	598505.198037	1878288.65695	0	0	0	0	0	0
Water Consumption Green - Agriculture	789816.353786	0	0	0	0	0	0	0	2368130.63446	0	0	0	0	0	0	0	1841020.02949	0	0	0	0	0	0	0	78228.8968716	0	0	0	0	0	0	0	1165562.95127	0	0	0	0	0	0	0	1049799.27185	0	0	0	0	0	0	0
Water Consumption Blue - Agriculture	40709.0724607	0	0	0	0	0	0	0	459535.40066	0	0	0	0	0	0	0	159690.567482	0	0	0	0	0	0	0	9290.73695729	0	0	0	0	0	0	0	49065.7490755	0	0	0	0	0	0	0	321958.765861	0	0	0	0	0	0	0
Water Consumption Blue - Livestock	3765.7643077	0	0	0	0	0	0	0	9518.5793492	0	0	0	0	0	0	0	9188.1383159	0	0	0	0	0	0	0	617.073258	0	0	0	0	0	0	0	4380.8239239	0	0	0	0	0	0	0	3655.1045041	0	0	0	0	0	0	0
Water Consumption Blue - Manufacturing	0	0	7948.70872458	0	0	0	0	0	0	0	52353.6474624	0	0	0	0	0	0	0	6337.65950829	0	0	0	0	0	0	0	49.3372481631	0	0	0	0	0	0	0	5830.42420562	0	0	0	0	0	0	0	6032.29257126	0	0	0	0	0
Water Consumption Blue - Electricity	0	0	0	2272.37823077	0	0	0	0	0	0	0	368.976155758	0	0	0	0	0	0	0	2029.58600952	0	0	0	0	0	0	0	6.06403191121	0	0	0	0	0	0	0	3.77770501252	0	0	0	0	0	0	0	993.20394308	0	0	0	0
Water Consumption Blue - Domestic	0	0	0	0	0	0	0	0	0	0	0	0	0	0	0	0	0	0	0	0	0	0	0	0	0	0	0	0	0	0	0	0	0	0	0	0	0	0	0	0	0	0	0	0	0	0	0	0
Water Consumption Blue - Total	44474.8367684	0	7948.70872458	2272.37823077	0	0	0	0	469053.98001	0	52353.6474624	368.976155758	0	0	0	0	168878.705798	0	6337.65950829	2029.58600952	0	0	0	0	9907.81021529	0	49.3372481631	6.06403191121	0	0	0	0	53446.5729994	0	5830.42420562	3.77770501252	0	0	0	0	325613.870365	0	6032.29257126	993.20394308	0	0	0	0
Water Withdrawal Blue - Manufacturing	0	0	43744.4690581	0	0	0	0	0	0	0	176493.717976	0	0	0	0	0	0	0	51983.5844916	0	0	0	0	0	0	0	569.887030206	0	0	0	0	0	0	0	15248.1922612	0	0	0	0	0	0	0	47627.7239443	0	0	0	0	0
Water Withdrawal Blue - Electricity	0	0	0	81831.6807394	0	0	0	0	0	0	0	25816.0226795	0	0	0	0	0	0	0	92586.583981	0	0	0	0	0	0	0	11.6681174447	0	0	0	0	0	0	0	4.40732251461	0	0	0	0	0	0	0	102903.078429	0	0	0	0
Water Withdrawal Blue - Domestic	0	0	0	0	0	0	0	0	0	0	0	0	0	0	0	0	0	0	0	0	0	0	0	0	0	0	0	0	0	0	0	0	0	0	0	0	0	0	0	0	0	0	0	0	0	0	0	0
Water Withdrawal Blue - Total	0	0	43744.4690581	81831.6807394	0	0	0	0	0	0	176493.717976	25816.0226795	0	0	0	0	0	0	51983.5844916	92586.583981	0	0	0	0	0	0	569.887030206	11.6681174447	0	0	0	0	0	0	15248.1922612	4.40732251461	0	0	0	0	0	0	47627.7239443	102903.078429	0	0	0	0
Carbon dioxide (CO2) IPCC categories 1 to 4 and 6 to 7 (excl land use, land use change and forestry)	122292.449287	419432.794981	1221300.41136	282314.964201	111341.153061	249993.66671	669309.116319	516592.302316	213350.610831	515304.287258	4810622.90312	561760.595266	217336.93026	146394.993879	508702.93243	291952.562802	206357.979962	364170.093777	1494095.85249	657563.594057	82991.9352144	111450.458147	491373.893021	271112.514548	8644.98126087	22588.3355828	50962.383968	17475.4708526	6361.44688006	24431.006054	31928.474746	10810.6375816	16601.0786849	44968.9153447	160088.327497	87110.2908558	3465.34221335	30990.4049552	24644.0098431	35078.5866092	111006.275152	252096.191416	920379.444205	729036.907273	13941.8169693	154943.231601	297628.921905	175750.699888
Methane (CH4) IPCC categories 1 to 4 and 6 to 7 (excl land use, land use change and forestry)	14298.0719235	14554.9868481	1673.99654446	239.845719474	56.0479203796	703.507385235	186.018186217	16062.7589123	40685.3972378	27740.3320816	1205.5155448	196.566780262	67.9153000698	152.679885959	63.2502799397	23626.2016331	35415.3432214	16916.8552258	3626.26766238	223.613550165	17.8502483047	171.604788622	52.5951432987	14896.3242652	2772.63781368	3560.7508347	37.1756425598	2.74478897049	0.272588601398	28.2706544877	10.1084129591	1381.20191208	18454.0173268	10395.9987488	4261.01882079	249.846034319	76.4481050161	775.602816253	226.522950607	9501.07309681	21472.4312937	19894.6909439	6892.40099828	276.902238616	64.8473463948	475.198962824	68.2019951832	8950.56182657
Nitrous Oxide (N2O) IPCC categories 1 to 4 and 6 to 7 (excl land use, land use change and forestry)	4.64212734349	5.42065663812	17.2486297871	4.16190822703	0.553585209723	5.52363816577	13.4444135185	10.5055310275	8.12812300709	11.5478158	48.8392114195	5.32157806009	0.254933323189	3.83409316038	11.5804328129	4.72525449045	14.3489502596	3.93118183791	59.7449247226	10.0819129368	1.98582117451	2.57830464295	33.6648147107	4.93988361831	0.434327549433	0.262830839619	1.66820062765	0.0844589723796	0.00597508019457	0.72374688694	2.00018456511	0.312849202986	0.881475881176	0.394179011292	4.80758005118	0.619836363636	0.0719105337209	1.79563825802	0.943501712233	0.856176987053	3.97815587375	2.18683941431	12.6903002429	4.83373576281	0.109558965994	2.66972901146	10.3172085605	2.65947932581
Carbon dioxide (CO2) CO2EQ IPCC categories 1 to 4 and 6 to 7 (excl land use, land use change and forestry)	122292.449287	419432.794981	1221300.41136	282314.964201	111341.153061	249993.66671	669309.116319	516592.302316	213350.610831	515304.287258	4810622.90312	561760.595266	217336.93026	146394.993879	508702.93243	291952.562802	206357.979962	364170.093777	1494095.85249	657563.594057	82991.9352144	111450.458147	491373.893021	271112.514548	8644.98126087	22588.3355828	50962.383968	17475.4708526	6361.44688006	24431.006054	31928.474746	10810.6375816	16601.0786849	44968.9153447	160088.327497	87110.2908558	3465.34221335	30990.4049552	24644.0098431	35078.5866092	111006.275152	252096.191416	920379.444205	729036.907273	13941.8169693	154943.231601	297628.921905	175750.699888
Methane (CH4) CO2EQ IPCC categories 1 to 4 and 6 to 7 (excl land use, land use change and forestry)	335388.485473	363818.513814	41460.9642159	5978.20134557	1396.61554374	17497.7681251	4631.94671285	401351.753583	961786.71556	693508.302039	29686.5658961	4914.16950654	1697.88250175	3809.4852587	1581.25699849	590655.040829	843856.671613	422914.031421	88818.5015668	5545.03642762	429.010349435	4125.33623221	1283.44896087	371851.219031	65496.4766602	89018.7708676	887.397261978	68.6197242623	6.81471503497	701.467077579	244.60648601	34429.9134085	437089.680603	259849.804397	103193.569272	6094.70711481	1864.94848435	18656.3448272	5594.50912304	235785.74533	517907.984558	497344.011268	169754.074929	6804.84060761	1569.81183542	11572.9561222	1688.13292822	223040.610383
Nitrous Oxide (N2O) CO2EQ IPCC categories 1 to 4 and 6 to 7 (excl land use, land use change and forestry)	264378.040332	2284.75175197	9776.36847214	1454.11301573	219.591384253	2717.84892248	4227.04990409	5719.90141208	662172.908056	3441.24910839	19933.8518711	1585.83026191	75.9701303104	1232.10149396	3450.96897824	1408.12583815	499276.741542	1259.09493153	39715.2122797	3544.41378731	797.345339539	2732.55390499	10406.7558732	8110.18548126	45657.4962984	78.3235902065	997.689907112	25.1687737691	1.78057389798	278.844044919	692.652748966	1286.83103257	289450.850417	715.424078185	41148.9217278	1989.92065495	572.778700486	9281.10910397	1098.45404459	21008.839259	226506.840037	928.965095258	34248.6338102	2843.62032222	645.000719277	4455.2331899	3276.17821128	9415.87339689
Carbon dioxide (CO2) Fuel combustion and cement	114755.740144	418686.431279	1179598.00168	282232.638713	111325.931751	248385.820996	669114.632512	508337.146927	185105.662169	515302.296149	4662804.84357	561760.118811	217336.555439	146361.794474	508702.93243	284123.161141	176720.124384	363735.770711	1450208.45647	657541.694984	82986.059863	111096.060501	491342.496555	270001.583891	6414.41127004	22588.3355828	49625.2264173	17475.4708526	6361.44688006	24427.9529996	31923.8669925	10683.8135927	16162.4628321	44354.5577289	153831.37648	87079.5530761	3453.25877049	30746.9116852	24616.5342799	34830.3510071	106952.290072	250516.778573	903005.557263	728918.136313	13906.0744256	153680.677404	297456.217247	174659.155417
Carbon dioxide (CO2) Fuel combustion	114654.71102	416801.672993	1074559.7882	282070.830759	111296.316256	245154.685153	668722.380519	505951.961826	185105.608963	515286.630871	3828953.74467	561751.759955	217325.602135	146000.865171	508702.93243	283905.343076	176611.293303	362727.077061	1351623.97606	657489.749244	82973.6148578	110269.839433	491272.651055	269360.593087	6414.41127004	22588.3355828	46196.0271282	17475.4708526	6361.44688006	24424.8674767	31923.8669925	10566.0984047	15395.712074	40425.0729179	119631.193173	86882.937122	3375.9663417	29191.5510345	24440.984961	33356.4839818	104051.288429	238533.87174	776848.484799	728194.082792	13714.742575	145860.033161	296386.520903	170354.07869
GHG emissions (GWP100) | Problem oriented approach: baseline (CML, 1999) | GWP100 (IPCC, 2007)	745167912783	841081637761	1.37817726359e+12	290217976607	113062397216	273729836188	678903615744	975297823807	1.84238852448e+12	1.24488797548e+12	5.08152602675e+12	569016780815	219123555540	151711416180	513754216882	909368296147	1.56909262096e+12	842665437583	1.72127524553e+12	666953050329	84225929609.9	118456572347	503163840982	928290958384	119940161736	112106694495	53433908764.1	17570659329.5	6370049091.49	25726548718	32867248769.2	53673449536.7	743511074360	307123744336	305712989500	95231389128.1	5916984801.86	58958947250.2	31341633251	292963517093	856985068731	755992344660	1.13087092795e+12	738760716683	16180743477.9	171088262183	302623207383	418278298819
GHG emissions (GWP100min) | Problem oriented approach: non baseline (CML, 1999) | net GWP100 min(Houghton et al., 2001)	723629605868	816599996226	1.42395621024e+12	293449495287	113815859724	276793742662	714374702739	950581660494	1.77352305017e+12	1.20388982179e+12	5.23965983991e+12	574322778085	219568825084	156105583153	545941329971	867816136662	1.51383972922e+12	815235299305	1.7670133908e+12	673073668469	84687327606.5	120086096610	524671348293	901446493608	115094313646	105192558208	55595095492.5	17681810493.9	6383461312.83	26079381276.1	33849027746.9	51135690598	707929703042	287829753770	306623014813	95732590733	5868420273.49	58605825882.2	31789004870.6	274928993037	819808777167	721703511302	1.14428916221e+12	744646824336	16184195137.3	172479351928	316131278350	403236558998
GHG emissions (GWP100max) | Problem oriented approach: non baseline (CML, 1999) | net GWP100 max(Houghton et al., 2001)	727282833755	817996292359	1.48325241347e+12	295102625513	114092869645	279209272019	719054545319	955059027555	1.78114199912e+12	1.22121783789e+12	5.42097289359e+12	575234601874	219634828806	160797412576	550037522067	875998096057	1.52622538862e+12	819992821948	1.81315564008e+12	674258221846	84757621634.2	121039109291	535651825264	903334106094	115594369897	105243746708	58478658274.7	17694971550.6	6384560190.89	26269869258.3	34162140279.1	51290335954.1	708951904432	289158369066	315321120171	95886667444.8	5890274491.65	59519127499.3	32011918376.2	275987526662	821798295534	725844236654	1.16692272284e+12	745182090739	16219879008.5	173306132730	318554863608	405435460152
GHG emissions (GWP20) | Problem oriented approach: non baseline (CML, 1999) | GWP20 (IPCC, 2007)	1.36665708581e+12	1.52233286232e+12	1.45186338497e+12	301393902660	115675354093	306328315948	687443177538	1.72723894456e+12	3.6302713681e+12	2.54607852715e+12	5.13388149233e+12	578194022866	222313058137	158819280622	516603756373	2.01888344986e+12	3.14003130325e+12	1.63645685503e+12	1.88545101799e+12	677255616782	85007659670.9	126119034685	505240226175	1.62160920709e+12	241692842717	279455407092	55062039417.7	17698841547	6382800057.54	27034465042.9	33305061804.7	118356138459	1.5564515825e+12	795413978792	498349000619	106623840665	9403982723.06	93743077967.7	41824728280.3	735479115832	1.82371366417e+12	1.69061408295e+12	1.44869425242e+12	751460863142	19111083186.1	192695504103	305686365291	836807125507
GHG emissions (GWP500) | Problem oriented approach: non baseline (CML, 1999) | GWP500 (IPCC, 2007)	384654137769	590555517878	1.35013070709e+12	285367423994	111990922292	260519800951	673646445078	696705805355	851159480465	764098625090	5.05487234761e+12	564835608575	217904642898	148443780907	510955499499	498759131412	739410349737	549345126079	1.6416996063e+12	661372305076	83538834659.8	114248028236	497189761561	673756508298	52137084279.7	50107737914.3	52320846524.1	17510591667	6364432740.69	25100549738.2	32358845915.6	29084748301.4	298517861705	126170667116	213971932950	90027061608.7	4342773681.8	41456368772.5	26913242203.2	118809451478	386428435390	409754444000	996251653004	732643035378	14776118810.1	160867071875	299845868691	259167906116
ozone layer depletion (ODP steady state) | Problem oriented approach: baseline (CML, 1999) | ODP steady state (WMO, 2003)	7325.3675843	41599.1984221	83406.7695832	2251.59280179	345.18985616	6829.59492033	7733.11558659	25935.5356094	9313.19467377	41400.7773758	120569.308863	1955.53108851	112.791326617	8517.85532799	9666.25141632	29520.733622	15061.3051136	49199.7917508	172673.347931	3949.79908119	331.10703156	4819.99500626	10261.8019709	19855.0110025	875.160607096	2055.30215196	5097.27835722	31.7232794957	3.52186827646	1166.11147728	573.855141669	1910.44327751	1704.76405756	12126.8287406	17222.0000637	497.667534053	46.589299347	3266.95404204	456.852405855	3327.98215859	5431.97167735	35021.1990668	46248.4117474	1731.56336511	69.7810120445	4414.33930984	5224.98366693	10381.7583984
human toxicity (HTP inf) | Problem oriented approach: baseline (CML, 1999) | HTP inf. (Huijbregts, 1999 & 2000)	207037416649	156841787383	1.73602171963e+13	61649786310.8	27036972567.7	530718260778	1.0269920778e+13	941216620380	11985246541.4	82965085550.8	7.16234260618e+13	13705183363.6	2531121048.8	22224798683.5	8.67046073792e+12	85729286040.2	27744389445.3	298203537063	2.58792329821e+13	42954214201.7	7060453786.56	149767678922	2.54820130869e+12	123302898160	723154361.421	1266243630.48	218976389263	67323941.5412	5523423.45714	4563539522.07	59584133999.8	8770118588.6	6743336152.1	245699626133	6.87694376345e+12	19209487670	8083352834.13	42236852192.9	135343181686	90412652746.7	7890350861.13	457352750798	1.73855547741e+13	49864615676.9	15173637103.5	115071448181	2.64721282964e+12	138065040828
Freshwater aquatic ecotoxicity (FAETP inf) | Problem oriented approach: baseline (CML, 1999) | FAETP inf. (Huijbregts, 1999 & 2000)	336954289.602	333067876.8	15494403158.2	127331823.419	32599165.6617	594524807.667	9650007232.3	1275123036.54	259916499.259	424945042.62	51337593203.1	151461169.105	4281366.0797	472555963.291	8143369585.78	1231604939.18	330004319.86	268613078.842	17577885617	190885205.81	14164343.978	156973691.337	2434369030.51	425189001.685	19516052.2946	4535331.99919	318886231.343	387424.536108	9783.88148246	18077930.52	59734343.4342	14885542.5887	28091271.9208	187200558.349	4515559123.13	44603419.7375	7286578.64266	79007812.4951	132252835.808	188354219.179	131737000.819	380025309.367	11607701272.1	346932514.194	14686000.0655	205570780.936	2530131036.35	277778108.309
Marine aquatic ecotoxicity (MAETP inf) | Problem oriented approach: baseline (CML, 1999) | MAETP inf. (Huijbregts, 1999 & 2000)	770912679208	5.86602728966e+12	4.18356417114e+13	613659945352	142700178885	2.50260430443e+12	4.22955782343e+13	7.29891757472e+12	239919258383	7.17946767486e+12	9.71925425182e+13	888133988128	22925954567.5	338236616829	3.57416409833e+13	3.50616254834e+12	363066983773	934846075476	4.59480758934e+13	1.75886206384e+12	226609708504	583648738189	1.06240094969e+13	1.54067898182e+12	13517275801.2	19721774186.4	406894684494	2149280902.03	30131335.4528	148433825563	260987530986	47172619737.7	32768996022.2	523201413588	1.23782154853e+13	220227413418	21695560008.6	128015746826	548470380826	302390746259	190774143528	1.12931182169e+12	3.25044932509e+13	2.14982066563e+12	61760397185.8	755649107211	1.10251440649e+13	1.10891073323e+12
Freshwater sedimental ecotoxicity (FSETP inf) | Problem oriented approach: non baseline (CML, 1999) | FSETP inf. (Huijbregts, 1999 & 2000)	830292119.914	522070221.357	32627349907.9	300365271.894	70447692.0291	1371988460.1	24291729280.9	3104067170.38	700697314.035	771278070.681	85839667203	377249630.119	9785061.29545	1468572323.63	20503786922.2	3486998259.74	871979130.628	380343766.266	28202603394	433329678.844	26010667.1797	338867674.259	6110973515.36	1069940888.56	52447130.7226	6124290.04024	786201863.555	959805.19389	15922.8323146	42435367.0056	149055961.453	32147899.2701	69915766.7042	299640711.632	7070002300.06	103947318.987	13904904.0177	196270584.149	332369979.495	493636157.231	348437675.997	605268069.32	18419911155.7	863650499.419	29483016.0325	493258316.609	6367309217.07	668464609.434
Marine sedimental ecotoxicity (MSETP inf) | Problem oriented approach: non baseline (CML, 1999) | MSETP inf. (Huijbregts, 1999 & 2000)	733286712558	2.86448789663e+12	3.97019511906e+13	516367909360	106454768508	2.01337861198e+12	4.14228924906e+13	5.29390293348e+12	227585858672	3.70774874448e+12	9.21343573557e+13	833858816539	18936728359	342555983445	3.50149621037e+13	3.49850059919e+12	348107275382	746778226538	4.40778101689e+13	1.24127066971e+12	114422115419	534698357420	1.04136275352e+13	1.51214209892e+12	13065230935.7	15394136093.9	369624673753	1568212133.83	29218941.7113	77311991564.3	254493466904	34844858412.2	31431861087.6	480190999442	1.19656588358e+13	200799938476	19931781843.3	125658875675	537963185383	292705161854	176199060418	1.05117181266e+12	3.12208719727e+13	2.00319329197e+12	49856515136.8	644631052039	1.08210767063e+13	927873205527
Terrestrial ecotoxicity (TETP inf) | Problem oriented approach: baseline (CML, 1999) | TETP inf.(Huijbregts, 1999 & 2000)	1882715732.47	1651457236.44	163641160247	566365371.933	240808542.118	4894388490.99	78222528170.4	7818993744.65	50773496.1536	956109135.854	279022439172	112450326.389	53258796.3334	357152893.705	65956215180.1	609124469.19	153591294.535	2278138198.35	202718403671	455386502.247	69658242.9623	1183139338.03	19354181056.2	944119740.896	1645152.38916	3457322.312	2839870629.37	983097.075901	18252.4918603	54922488.0393	452029697.711	96648950.8954	45636813.2257	1997207436.47	56384117196.7	156243096.553	66725668.1396	332659396.276	1029697311.36	703356122.366	38175920.5427	3619101937.53	144293761911	369879726.179	124636826.653	995333760.048	20127812660.2	1164275255.29
human toxicity (HTP20) | Problem oriented approach: non baseline (CML, 1999) | HTP 20 (Huijbregts, 1999 & 2000)	118454674879	62990958977	5.18043280582e+12	22635855774.9	7393458626.29	278317457038	1.0221043523e+13	742580628199	7292547942.43	47220863565.4	3.57344343156e+12	10606498604.3	1550701246.11	9699806425.95	8.65828572528e+12	41958718305.5	16092422295.9	44492563689.7	3.69192962411e+12	19168871549	2443732436.35	73393334383.8	2.53365421672e+12	49850706069.5	282935850.001	230479362.556	26175784046.9	49072851.2134	3770245.44044	1265965246.81	59242313037.9	2479812791.65	1594313472.64	36959818715.8	1.03130384447e+12	4805489034.92	1330820959.25	7118089866.35	129103016210	16250155375.2	4697924230.85	69746045586.6	2.65951477435e+12	29284345125	3986035714.36	36572680145.1	2.63510890701e+12	54526062039.6
Freshwater aquatic ecotoxicity (FAETP20) | Problem oriented approach: non baseline (CML, 1999) | FAETP 20 (Huijbregts, 1999 & 2000)	153977299.357	53988506.7858	4145460062.47	27625830.5577	8682152.67388	150897214.699	580013660.824	314378349.041	203741067.856	61186768.9048	13070989024.1	10273265.725	421046.623399	366128057.95	476930002.509	581433624.207	240293461.769	24935706.9898	2263235136.5	19022474.6642	2716585.45728	25031888.945	147927376.07	124673729.227	15968241.1797	212059.996243	174081469.883	125392.108474	390.820630297	8141843.05516	3530396.16584	5545846.14769	18559949.0291	25127528.9086	434834832.033	6882417.93073	1372382.38643	38758459.3885	12806877.5646	103076146.288	89529841.1897	39960978.857	1154812656.06	26875191.3926	2850895.49794	66576535.7708	155587984.106	85766614.5885
Marine aquatic ecotoxicity (MAETP20) | Problem oriented approach: non baseline (CML, 1999) | MAETP 20 (Huijbregts, 1999 & 2000)	3949821317.33	1544866881.8	155168979673	1188065398.54	338910045.191	6354064220.05	89395989320.9	14077508193.5	3629103163.83	2136240870.92	448626776705	923529547.327	36881706.9263	10461838417.4	75339505095.6	18020095357.3	4457981806.57	1431017454.7	114660391671	1044468579.07	91169922.2217	1386077220.32	22498792466.3	4486967902.91	274929307.607	15898996.0039	5162508236.21	4402224.67378	57873.2601687	243210187.441	551711585.659	178469119.245	359070157.885	1222868042.67	26640194806.8	330643996.777	62099522.8447	1213791387.59	1287264796.97	3085169973.4	1766061145.41	2255590546.16	69479308561.5	1830707639.88	123439736.807	2381298808.76	23497850339.5	3140662070.24
Freshwater sedimental ecotoxicity (FSETP20) | Problem oriented approach: non baseline (CML, 1999) | FSETP 20 (Huijbregts, 1999 & 2000)	448848019.958	104114849.715	13194484589.7	84182785.6027	26759037.5262	467085569.541	1453321339.11	943672960.426	581110649.61	112972259.107	41684971358.5	26105649.1384	1133938.7683	1190683192.28	1184905604.78	1869936521.92	685190178.305	71972841.9056	6996481426.67	44013658.488	6067242.52665	75038801.709	372409932.502	393901738.794	45572097.1186	497978.579939	565554369.3	388195.926276	978.082189298	24742735.6955	8778520.92746	17500714.5896	53280494.6576	77335813.2535	1315285876.24	20524298.9949	4261072.62557	125067468.156	36092537.4911	332822092.751	255683185.817	120498794.758	3493218221.97	70668335.6084	8644603.938	209787498.448	393211490.112	268483618.256
Marine sedimental ecotoxicity (MSETP20) | Problem oriented approach: non baseline (CML, 1999) | MSETP 20 (Huijbregts, 1999 & 2000)	10159346419.2	2944412302.37	410155241316	2851737047.25	862711634.267	15689901876.8	152704095772	33442602490.5	10131967864.6	3755401624.61	1.24557553844e+12	1579181385.16	69833131.4096	32195604727.9	128158391591	52243784795	12237773342.7	3071050436.07	266762877161	1879880631.33	189581136.888	3041109253.3	38512019430.7	11887836615.3	779086508.592	27477952.6909	15466314679.4	11587389.7701	99475.4293183	681267145.12	939211803.424	497710365.463	987264153.825	2875671558.86	57820750559.1	739018183.855	150232301.742	3549826788.38	2408521140.46	9195636387.38	4759475123.16	4967674811.33	151404802593	3264744726.02	297033767.87	6366696131.37	40291588204.7	8263653810.66
Terrestrial ecotoxicity (TETP20) | Problem oriented approach: non baseline (CML, 1999) | TETP 20 (Huijbregts, 1999 & 2000)	10467648.0017	16589561.8457	523983084.234	2675606.94348	948963.299839	26709767.6353	863852000.971	74500936.9252	1008493.48737	17280880.555	1693447578.8	1086991.37605	149896.848066	5926946.75915	732192454.05	10287473.4784	1827767.04295	7877295.37052	633037503.565	5725020.13718	685926.500313	7729045.31284	214190313.632	6212974.14627	52785.7989576	57658.1923043	18235562.5459	20611.0457215	236.680075948	631361.968559	5008396.96229	736774.984357	218991.192514	7053942.0514	170242565.981	850557.254313	245400.254448	1507721.83118	11082472.6996	3867864.61554	568253.593087	11306025.1042	435445052.023	3401118.69826	573955.268382	6442874.27613	222689728.995	8149235.99321
human toxicity (HTP100) | Problem oriented approach: non baseline (CML, 1999) | HTP 100 (Huijbregts, 1999 & 2000)	118472640574	63032921574.5	5.18438547148e+12	22649547289.3	7401659994.25	278395231777	1.02211403471e+13	742656828838	7293372763.08	47256506945.1	3.57743376124e+12	10607660201.5	1551110033.79	9710193677.06	8.6583631379e+12	41971341598.3	16095008983.5	44522442391.6	3.69585312842e+12	19178217042	2445803768.6	73409767136.1	2.53367958164e+12	49869136281	282969266.949	230527612.621	26272557030.4	49142661.1707	3770342.70281	1269927375.45	59242878986.5	2482492687.58	1597214956.35	36997837127.8	1.03223378029e+12	4810190105.84	1332501287.64	7125044848.87	129106760485	16270207155.4	4699617262.43	69808461602.5	2.66195961728e+12	29291804934.6	3988618106.55	36612170380.8	2.63513657334e+12	54552906367.3
Freshwater aquatic ecotoxicity (FAETP100) | Problem oriented approach: non baseline (CML, 1999) | FAETP 100 (Huijbregts, 1999 & 2000)	167983257.363	124174393.726	4969533538.46	36810699.0487	11178875.6743	195746651.863	1272207456.9	435516725.973	207923628.827	146717585.359	15294238297.5	19904057.0363	748378.030624	406282954.275	1061529353.42	667365743.652	246736719.778	37673471.1112	2960827232.76	38578962.1805	5529676.07417	34618318.4695	321910011.312	150493549.328	16206231.1327	439937.418478	196412826.622	161602.189807	854.658346075	10686113.0637	7831843.61625	6625895.67544	19187567.4741	32988160.22	605493727.724	9618026.1383	1752979.15545	43945287.4433	22179188.0912	115998349.545	93032770.2412	55633188.5407	1603447088.05	47634737.4562	3791491.50748	81083914.5178	336739386.948	105995754.053
Marine aquatic ecotoxicity (MAETP100) | Problem oriented approach: non baseline (CML, 1999) | MAETP 100 (Huijbregts, 1999 & 2000)	10480014193.4	6752768308.71	426688415317	4065007417.5	1032782337.16	20931917719.9	512854330742	50358137486.3	5995200453.25	10378639808.1	1.05184131297e+12	4926213802.98	188066411.006	15073207510.4	433931304997	34458039008.3	8158321990.2	6114197494.08	430865438411	5154528730.97	374002552.69	5754606361.64	128785727439	11887039217.5	411108729.827	84014541.6797	8683522977.84	12020423.2899	329687.372002	532180786.039	3173629631.38	406176939.736	672710982.962	4496183751.08	113195972074	1269519041.34	215341820.217	2321446941.92	6724348816.97	5342575662.9	3599292099.65	9262511298.38	292894163039	9075743215.94	426874750.184	6261090592.86	134302235690	8635792062.57
Freshwater sedimental ecotoxicity (FSETP100) | Problem oriented approach: non baseline (CML, 1999) | FSETP 100 (Huijbregts, 1999 & 2000)	486893393.697	199932144.939	15638285827.9	107213374.746	32873695.8388	581170775.21	3201273558.26	1221781517.03	591558489.727	234398274.041	48473562718.1	49546626.3545	1877779.998	1330606821	2660035689.62	2146630679.27	701418466.635	101016906.619	8925355942.14	80049776.3501	10189585.7105	99902260.6169	812233474.34	470624331.636	46175157.7934	964391.479929	639361758.288	475779.692313	2143.34959507	29950735.6431	19599930.4199	20416365.8954	54957586.7033	98396294.6235	1775436284.41	27497709.2953	5302405.90398	142079377.02	60340072.6129	375747613.421	264479708.429	161574061.702	4697972317.27	120915260.027	10944219.7981	249881624.064	851751919.81	322801130.052
Marine sedimental ecotoxicity (MSETP100) | Problem oriented approach: non baseline (CML, 1999) | MSETP 100 (Huijbregts, 1999 & 2000)	17912065924.7	8003985022.13	752805675254	6198190941.91	1702158263.06	33229246255.1	639411185176	75967892878.1	12829315576.2	11907095478.8	2.02388048491e+12	5927321173.07	246676824.091	39741416381.5	540222037939	73369037638.9	16463075239.9	8624306828.24	654660485345	6230107960.41	483494872.225	8170367342.33	160651203690	20656343445.1	934223646.962	101260855.431	20725236061.2	20768137.9657	416235.966233	1032842188.15	3949965315.69	787608720.061	1354361859.55	6885539674.46	163231472693	1799832384.9	336690594.76	5064907959.55	8691268052.77	12411072373.2	6856044376.81	13359853231	423234812299	10954183370.4	659739897.784	11119855112.6	167642944189	14893623065.3
Terrestrial ecotoxicity (TETP100) | Problem oriented approach: non baseline (CML, 1999) | TETP 100 (Huijbregts, 1999 & 2000)	48264168.6795	74886985.5861	2442448818.1	12209115.2061	4347252.00399	124400700.923	4119694063.61	346818801.328	2713828.90262	77397439.6148	7798018500.61	5124791.68812	720416.698884	18714438.9214	3492045360.41	34785376.3052	6262825.05958	37484940.7971	3023572709.42	26506526.1545	3098931.88087	36540895.8827	1021408113.15	26975223.013	87537.8976526	268024.534477	82706000.157	94253.3334329	1125.51566878	2729777.4547	23884398.6778	3374452.24002	849771.026397	33564262.9831	818577081.494	3945481.46787	1155172.18979	6291263.16704	52723815.6931	15977940.8954	1758264.53046	54051033.4844	2092647676.96	15982383.0919	2691694.20245	29197431.2052	1061914460.86	36861464.2758
human toxicity (HTP500) | Problem oriented approach: non baseline (CML, 1999) | HTP 500 (Huijbregts, 1999 & 2000)	118503227563	63091762190.1	5.18790903902e+12	22662468332.2	7406942349.84	278480313187	1.02214347171e+13	742748765809	7294818067.44	47302785274.8	3.58190694976e+12	10610184738.3	1552201139.75	9717674677.23	8.65860357153e+12	41979255931.9	16097744700.8	44560617797.2	3.69909949277e+12	19188732018.4	2447898434.08	73423701206	2.53375156844e+12	49881236684	283040509.042	230610048.603	26310212632.2	49158310.4801	3770605.61073	1271399290.24	59244634216.7	2483760373.75	1598042809.76	37029951370.6	1.03313854896e+12	4812813937.18	1333594929.85	7130533033.75	129111240464	16282046444.3	4700872896.33	69867169302.3	2.66427257131e+12	29297583717.5	3990564595.29	36627646823.1	2.63521142563e+12	54570145006.1
Freshwater aquatic ecotoxicity (FAETP500) | Problem oriented approach: non baseline (CML, 1999) | FAETP 500 (Huijbregts, 1999 & 2000)	205683191.316	190163703.648	6517825656.74	57588786.9913	15521283.7206	283689763.744	3744756993.93	667410992.697	222186554.707	242462841.466	19037072036.3	53769115.5596	1652458.92489	421234714.325	3155007514.66	793187709.868	268876190.291	67890178.4781	4817858330.25	78974435.9162	8500359.47649	61286794.2829	943482952.305	208610905.596	17026564.1229	1026957.93802	211296535.359	219120.7858	2521.92914456	12953693.7213	23168275.5859	8018878.05391	21029314.9444	52674755.8169	1113081681.74	17305571.1961	2661603.93538	49552491.6854	53874241.1571	127462352.515	104124509.885	99809310.5765	2921354215.14	118771409.843	5780435.04222	106974069.16	984101283.367	143552253.395
Marine aquatic ecotoxicity (MAETP500) | Problem oriented approach: non baseline (CML, 1999) | MAETP 500 (Huijbregts, 1999 & 2000)	44032726468.6	34655679266.3	1.74842447594e+12	18502012643.1	4478407706.93	94020826119.5	2.74833600605e+12	234238139693	18424412923.8	54240288479.7	3.86912783215e+12	25751981659.5	986874161.931	26963067121.2	2.32739690527e+12	101219415803	27589694790.4	30624121066.4	2.06719436568e+12	26622557218.8	1864055746.38	28346319723	689753347496	46898062919.1	1126071342.49	440180023.743	21595452533.1	48738484.1536	1774251.07627	1835034630.7	17013538113.1	1448860373.68	2294803381.68	21395807642.1	567851470243	6040019682.3	995348462.369	6935978034.75	35252363280.8	13963431316.1	13160201430.5	45730585087.7	1.46510021841e+12	46483733283.3	1970531856.13	24775695227.3	719045371211	35126441990.6
Freshwater sedimental ecotoxicity (FSETP500) | Problem oriented approach: non baseline (CML, 1999) | FSETP 500 (Huijbregts, 1999 & 2000)	581976335.878	313791772.354	19569885555.7	158505388.679	43281123.5199	796193151.062	9447859997.71	1774207287.34	627271524.163	415485024.412	57990256053.1	135166564.107	4106650.00352	1368352336.57	7948988818.97	2469018015.15	756973509.163	174953559.221	13661556868.3	174108012.075	15721378.4038	166868595.012	2382738100.01	619004000.652	48230839.3052	2385365.92454	676691070.985	612308.894782	6371.4519211	34415544.1459	58316327.9498	23739577.0281	59591506.1536	148182434.812	3072286929.44	46845163.0289	7593067.45967	156332572.224	140449825.022	404880277.806	292198059.632	273447851.708	8060896420.93	300969996.836	15815353.5876	314012991.37	2487625328.04	415375505.078
Marine sedimental ecotoxicity (MSETP500) | Problem oriented approach: non baseline (CML, 1999) | MSETP 500 (Huijbregts, 1999 & 2000)	51237074367.9	31033745603.5	2.08069869857e+12	20416304078.4	5083528930.26	105315324700	2.85159219892e+12	255222951317	25063158681.3	49888516844.8	4.85207476786e+12	26501567960.3	1037281176.98	51547875862.5	2.41390545281e+12	139773880165	35604139595.6	32925693117.6	2.30240820883e+12	26775324014.1	1786514741.91	30570033890.2	715756697618	55475531896.4	1637823938.69	447733431.251	33693612839.2	56518145.8825	1853829.62901	2210496187.98	17639189505.8	1807638393.8	2958745672.89	23864332022.3	621470247759	6525639250.72	1115642584.8	9676364797.52	36931757204.5	21045698594.3	16258276540.8	49898015651.5	1.60407250407e+12	47980513872.2	2186960048.79	29419664695.6	746286109471	40986794984.2
Terrestrial ecotoxicity (TETP500) | Problem oriented approach: non baseline (CML, 1999) | TETP 500 (Huijbregts, 1999 & 2000) TETP 500	199158506.07	278489452.26	10599259873.7	50466332.4759	18197862.4893	511721659.452	16501158664.2	1378015066.5	9197090.31667	279503482.614	31711465536.5	20762601.2527	3164364.72985	66022746.2444	13984662834	127884453.641	23410707.6188	160111340.085	13146612772.9	101852881.417	11605191.3533	149324334.916	4090893599.87	109413657.17	223126.141727	1027455.49771	333642405.526	361664.128789	4454.46301715	10199952.1158	95648481.4779	13466676.3771	3454992.05635	143728750.713	3576791276.28	16237759.5295	4920813.07247	25891608.7082	211264664.113	64493983.2265	6267321.2544	234952867.463	9143336527.48	64663885.8713	11195316.717	117932512.335	4253261457.7	148062516.122
photochemical oxidation (high NOx) | Problem oriented approach: baseline (CML, 1999) | POCP (Jenkin & Hayman, 1999; Derwent et al. 1998; high NOx)	184308312.682	407858007.692	1549612889.81	46675127.1044	7470941.78309	95243745.5881	269241522.416	371091724.975	411181340.152	877526731.568	4373160759.53	44191770.0373	2555268.83264	134493849.129	246502730.824	482726985.048	473963476.474	518221255.139	2278338740.49	87724087.5234	8803711.94711	56963072.2409	253929419.213	259811335.417	28427214.8317	36355577.6286	99529527.6681	551325.126653	56667.3797431	12350362.3508	9092827.7509	24070866.1103	131494523.7	194077889.086	394590166.473	16149643.3288	1825574.26765	43650514.5216	10157538.6795	102986134.673	190583659.656	444995744.736	961380034.324	110102966.617	2660361.59589	65982391.4739	107762092.327	168607225.289
photochemical oxidation (low NOx) | Problem oriented approach: non baseline (CML, 1999) | POCP (Andersson-Skld et al. 1992; low NOx)	166973333.667	129795106.53	1197533134.75	34736500.9123	5931250.76769	53209962.2159	94893796.6766	201925832.233	421679259.41	540742646.457	3634573312.09	19612443.2405	1795481.52784	94903244.3335	82366593.8806	329022599.321	483993056.037	213566381.678	947714166.009	25243677.7392	1526003.45411	20215347.7756	219968905.11	141870591.064	28340138.5038	25949025.8313	57919726.8785	282434.655501	23885.6813168	4006170.42354	6330740.4611	12733282.877	142829138.36	99330251.1643	202856306.559	4788052.22892	959269.938839	23489808.8941	6024732.66516	87190681.188	184804602.997	222070830.228	500202353.739	12610683.4116	1153224.73952	19776043.7396	48944382.3851	106429393.993
photochemical oxidation (MIR; very high NOx) | Problem oriented approach: non baseline (CML, 1999) | MIR 1997; very high NOx (Carter, 1994, 1997, 1998;Carter, Pierce, Luo &  Malkina, 1995 )	82887980.7694	69381331.2751	481003380.181	14181554.0295	2439537.85317	22123877.7563	38179852.1128	100035217.065	214837466.111	249585457.081	1455254280	8080857.43252	799690.97122	38144153.0259	33022537.8882	159960481.688	234102342.652	105726426.179	383348954.479	10363632.8442	630993.878417	8284155.24937	88049167.5943	74597094.9391	14479886.2812	14652511.3342	23210485.8199	116267.608965	9881.37884841	1636138.58914	2544037.29577	6745948.9944	78111960.0129	52204891.0768	86095813.9489	2207766.83308	473225.502784	10291428.1093	2678429.50397	46193988.251	98781424.4575	112700844.632	208229137.092	5370905.7138	536640.863909	8465919.3897	19658783.3346	53277706.8956
photochemical oxidation (MOIR; high NOx) | Problem oriented approach: non baseline (CML, 1999) | MOIR; high NOx (Carter, 1994, 1997, 1998;Carter, Pierce, Luo &  Malkina, 1995 )	146880580.29	122115477.798	871404016.936	25644284.665	4407696.20343	39924550.7521	69154662.4874	177300313.395	379775040.171	445438557.938	2637351516.84	14597412.4014	1432461.06032	69098182.5068	59837537.3523	284021822.652	415871929.341	187400007.136	693931794.977	18728634.1658	1139386.30114	14973778.0272	159576281.775	131488722.387	25589829.118	25667489.0845	42060131.576	210048.844007	17841.8520124	2958486.52204	4608621.53372	11882733.4183	137207030.717	92022867.0326	155016727.09	3940630.31382	839071.738952	18466649.9999	4798708.38471	81368746.2517	173862251.984	199296840.783	375717770.231	9666718.20018	956963.447481	15228749.3326	35614663.4647	94335437.6446
photochemical oxidation (EBIR; low NOx) | Problem oriented approach: non baseline (CML, 1999) | EBIR; low NOx (Carter, 1994, 1997, 1998;Carter, Pierce, Luo &  Malkina, 1995 )	188324570.675	156806143.436	1111905707.03	32735061.6798	5627465.13002	50986489.6303	88244588.5438	227317921.927	487193773.226	570231286.479	3364978656.84	18637841.1176	1832306.54593	88170259.0196	76348806.2965	364002063.496	532923100.667	240263220.225	885606272.217	23910450.5879	1454883.24035	19115855.6518	203600865.573	168787269.856	32829772.2587	32993744.7516	53665374.486	268182.648489	22782.5414366	3776555.81661	5880640.1816	15255707.9155	176263010.724	118125312.571	198064634.064	5044513.73036	1075684.49034	23612364.0545	6137923.1367	104465740.377	223252964.213	255647263.099	479832338.778	12352171.0571	1225283.87943	19461709.0275	45444055.1319	120974291.092
acidification (incl. fate, average Europe total, A&B) | Problem oriented approach: baseline (CML, 1999) | AP ( Huijbregts, 1999; average Europe total, A&B)	15969558830.3	1213201718.26	7124630308.86	519391313.103	106716935.719	722198482.864	7249334039.72	1807600585.99	27562186077.9	5795941034.21	35635956088.8	988084918.851	68296478.4968	616053849.618	6247550486.47	1132249340.41	25482825293	1207708917.45	16869578713.3	1752219954.78	196782394.921	537081008.624	2630711026.21	950915872.69	1359388522.92	40469705.7107	773783166.256	14857361.4492	1778521.40639	84337741.6092	117664555.777	81233068.9678	7441539395.34	966728969.335	4931060018.52	373682189.994	43306520.9519	406945136.458	170975787.829	757022809.123	24705766438.1	1426526270.28	19589725779.3	2941229382.3	74479359.8204	929260250.105	2284906125.92	10120182733.4
acidification (fate not incl.) | Problem oriented approach: non baseline (CML, 1999) | AP (Hauschild & Wenzel (1998).	18828260169.8	1267730219.05	7166628228.57	605456079.984	132072651.535	805275592.021	7954050395.58	1864643540.94	32440729404.4	5185031903.88	33805895330.7	1126281385.72	88161853.998	653122791.622	6932691296.62	1049569768.09	30106489839	1251257597.28	16193694578	1813198529.14	193996492.493	566053788.051	3128769078.01	1044537285.35	1605443538.32	44386751.3955	696218661.517	18659763.5866	2245212.30133	89287114.554	148382590.581	88374473.2216	8748297782.18	861025773.487	4715463644.29	380033438.499	46347383.2542	448245284.803	194638101.017	811417386.366	29103885669.3	1407543579.63	20707477654.4	2827039785.87	78624528.197	937594840.289	2619474331.49	11782819958.1
eutrophication (fate not incl.) | Problem oriented approach: baseline (CML, 1999) | EP (Heijungs et al. 1992))	3718860011.1	122637542.347	590097563.771	82042153.9802	20322362.0916	98726018.3078	883690931.546	178435793.971	6574500886.43	167269050.26	1924583616.43	141291215.519	14433012.5424	66139704.0281	796865577.116	51148172.0461	6034377551.39	114348484.412	1089855456.64	167501444.576	15140209.9565	62802454.3549	442375472.43	142451094.001	339312741.454	4981448.4471	25514541.1801	2908807.24288	352156.134601	9152929.20131	24106022.1263	12843963.3062	1884487219.8	27132773.7786	372639184.463	36219145.4986	6122684.77212	70547099.8451	26249247.0445	129934751.223	5608028225.59	104618887.655	2672338184.82	179726041.542	9995536.01845	88559441.9948	332856803.057	2134106506.93
eutrophication (incl. fate, average Europe total, A&B) | Problem oriented approach: non baseline (CML, 1999) | EP ( Huijbregts, 1999; average Europe total, A&B)	42320935567.3	1142839972	5550137251.56	761516163.805	189300368.931	920055030.731	8145079028.93	1694700115.82	72706214377.9	1528519319.6	17826100320.2	1300528190.34	132881444.129	609975499.423	7344353269.38	473555309.273	67825990302.1	1054398695.44	10525383357.8	1541518195.05	140072891.308	621142114.372	4031508617.77	1456582164.71	3624568536.36	45527095.0612	238250775.952	26696314.2272	3240195.36011	84097505.1872	220890147.492	131402063.486	19864792332	255872362.557	3712237346.96	349237745.395	61395491.6594	703701385.094	247372502.51	1326126952.07	65996010735.3	994594969.103	31177904533.7	1685089047.28	106426351.559	884114923.8	3062940733.89	25968839701.2
odour | Problem oriented approach: non baseline (CML, 1999) | 1/OTV	9.54341144744e+15	2.7972935629e+13	1.72878463281e+14	1.530574428e+13	3.31628644015e+12	2.94309978893e+13	2.17770418913e+13	8.92591043479e+13	1.64198071127e+16	1.24182989614e+13	2.12703229558e+14	8.94530513388e+12	270295558372	9.12784441259e+12	1.63977892975e+13	1.23407640649e+13	1.5244341562e+16	8.7956688155e+12	7.45709255116e+14	2.3376185679e+13	6.53335471123e+12	6.0118663963e+13	3.2807778817e+13	1.95914778188e+14	8.17695368529e+14	186628873860	1.03589074474e+13	52639317554.6	4129217819.72	1.81534786149e+12	3.89624576651e+12	2.20763824943e+13	4.57369273999e+15	1.06613109834e+13	5.76711725582e+14	2.95069798288e+13	9.04276885066e+12	1.21694464382e+14	1.33354042433e+13	2.82853435513e+14	1.50799763069e+16	3.42783923632e+13	6.35653623911e+15	4.6633436838e+13	1.82881901466e+13	9.71766511577e+13	1.66629568459e+13	5.93711327619e+15
Climate change midpoint | ILCD recommended CF | Global warming potential 100 years	725714724970	794574725590	1.28587149779e+12	289799019242	112976195925	270917197565	678258034065	931999809119	1.8382200077e+12	1.22074157475e+12	4.86942035921e+12	568294474680	219110784314	151436630517	513735158430	886877201278	1.55090649587e+12	792384885903	1.62706383295e+12	666678623560	84218563380.5	118312448460	503071220198	670289331230	119799155104	111686030913	52847560688.8	17569260679.3	6370042168.99	25411766982.8	32865734538.1	46537656534.3	743292217163	306172385359	304751054218	95210778164.7	5909084981.45	58938642073.9	31338759677.5	292296079387	855726016295	751379769106	1.12504537639e+12	738698238663	16161152675.2	170994869282	302597852356	409900496410
Climate change endpoint, human health | ILCD recommended CF | Disability Adjusted Life Years (DALY)	1015819.97323	1112395.15378	1800201.83931	405717.605638	158166.510395	379281.631554	949558.331867	1304788.58176	2573062.80139	1709028.4497	6817167.07444	795611.170518	306755.047052	212010.455767	719226.905715	1241624.62668	2170932.76784	1109334.44992	2277858.82192	933347.671745	117905.453362	165635.590318	704292.71763	938382.765021	167688.174354	156360.390185	73985.9152952	24596.9480581	8918.05784157	35576.2862378	46011.5634852	65151.8464903	1040414.7096	428640.299491	426623.578271	133293.740002	8272.32928196	82507.8605123	43873.5247637	409200.040277	1197864.13733	1051930.16679	1575039.95951	1034175.61437	22625.1768913	239389.806337	423634.790469	573852.890235
Climate change endpoint, ecosystems | ILCD recommended CF | Potentially Disappeared Fraction of species (PDF)	5748.80958244	6297.39301536	10196.5579786	2298.03156351	895.885115637	2148.17584685	5378.49612362	7386.75635775	14560.4973566	9673.58230936	38614.075432	4506.50962401	1737.53074031	1200.84140303	4073.86763122	7027.03941704	12285.001275	6279.40448208	12901.3476537	5286.66890718	667.840518287	938.147705488	3989.23234783	5311.75561327	948.871247881	884.779217308	419.061770488	139.3232858	50.5143474912	201.505363215	260.615530406	368.685846281	5886.88776162	2425.34646613	2415.21309456	754.939692491	46.8344108117	467.099166659	248.448860196	2315.3323193	6778.34416777	5953.46702809	8919.55712055	5857.77913185	128.135485163	1355.82684102	2399.54960676	3248.19587274
Human toxicity midpoint, cancer effects | ILCD recommended CF | Comparative Toxic Unit for human (CTUh)	263.258783863	213.739876895	11696.2569953	51.4512483436	17.7299385065	544.891556569	17802.6229011	1416.78506908	86.296243447	190.580891481	22367.8182684	19.5961519434	3.12946930922	64.4927230986	15080.0200341	135.553698973	114.482960625	124.052326092	10310.0977527	72.0909473689	8.29435994054	145.4186116	4410.18993014	106.278216305	6.36933844706	0.711380220985	209.194571643	0.226938594727	0.00287272305656	6.67814247023	102.94784672	9.71853196604	9.34921722414	110.343913866	2821.79243394	13.12491336	3.83066378139	21.9858290955	226.563575353	54.7888133232	38.0373525609	186.332478265	7228.70290032	61.2507392399	9.6060537405	99.3510569633	4586.8496515	131.687883287
Human toxicity midpoint, non-cancer effects | ILCD recommended CF | Comparative Toxic Unit for human (CTUh)	35653.9421908	33629.7804245	2856623.19717	11521.200262	4377.0747773	89407.7043707	1501497.77413	149692.477379	2629.77874337	25300.1265796	4847299.89419	3747.84264759	988.480176198	10957.9461385	1266989.62475	12971.4732961	4757.43605859	38019.1149793	3231714.70709	10573.6265984	1359.59104737	21149.5674821	372047.210426	16063.988159	115.021078779	103.097556009	35519.8746609	37.4612582306	1.09968403804	976.067718918	8773.63522205	1363.66871278	907.563968755	33330.0991735	916862.053883	2993.75488783	1138.94249524	5900.62118059	19691.0403317	12897.0236033	1729.83573168	59346.3788349	2339770.28996	8791.69837661	2135.6620797	18801.9818586	386962.247073	21978.8398684
Human toxicity endpoint, cancer effects | ILCD recommended CF | Disability Adjusted Life Years (DALY)	3026.7034217	2456.83625503	134551.096924	591.682268476	203.923167073	6265.46931282	204632.512844	16285.9417933	991.552142177	2189.73021283	257097.218814	225.159777704	36.0013409753	741.0261914	173337.172557	1557.24205749	1315.50329101	1426.54997182	118571.652801	828.329138527	95.3260221079	1671.69359801	50692.9118116	1221.58030314	73.1832951937	8.17241817726	2404.34879751	2.60699303834	0.0329975484835	76.7408809722	1183.33287589	111.69602854	107.44429704	1268.88642146	32452.9143381	150.869851396	44.0493820485	252.778070118	2604.24480405	629.878113931	437.057338267	2142.90035534	83135.8641078	703.797516124	110.444900067	1142.04196742	52723.5434793	1513.7087689
Human toxicity endpoint, non-cancer effects | ILCD recommended CF | Disability Adjusted Life Years (DALY)	96234.7038887	90732.6086312	7712439.85169	31100.0585605	11815.9738605	241323.008088	4050351.52885	403869.844929	7096.22739435	68222.6750335	13080024.4785	10113.1101093	2668.56075722	29565.5516425	3417735.58105	34992.5723436	12837.7371693	102621.970737	8723487.56951	28518.0028304	3667.7663509	57072.0114012	1003609.97271	43351.3539828	310.412350928	278.026826016	95821.9398751	101.013715507	2.96707903691	2632.4781978	23667.2453309	3678.51911212	2449.58734536	89964.0033429	2474939.96773	8079.36550442	3074.18960842	15926.4881165	53118.548038	34808.3865305	4667.85936019	160195.754816	6315882.60265	23721.6030464	5764.05554431	50737.0926738	1043844.48917	59307.917547
Particulate matter/Respiratory inorganics midpoint | ILCD recommended CF | emission-weighed average PM2.5 equivalent	757325295.67	198163676.983	2711602625.69	44100246.6255	11064456.8107	119495365.763	733799447.548	367932237.718	1321266802.33	2142329903.99	12600385326.2	61340869.7898	3440978.44052	435223285.216	649082139.07	432105211.826	1213824986.04	426313107.955	3594019423.91	101666329.972	13322161.4563	76745117.3649	209212470.921	117483771.724	66973226.4577	18691747.413	117247951.054	383276.872269	27866.5050253	7793151.04081	8100211.43573	7451111.15072	326624872.861	189856388.501	897318553.861	22664819.5769	3390026.77333	80347458.9345	15370896.6445	125751529.42	1107337119.65	403886763.721	2699442151.68	164103363.787	6214483.64794	128950950.326	214467395.388	529183284.475
Particulate matter/Respiratory inorganics endpoint | ILCD recommended CF | Disability Adjusted Life Years (DALY)	1363185.525	356694.617974	4880884.70144	79380.44328	19916.0221474	215091.657391	1320839.00416	662278.02603	2378280.23127	3856193.8199	22680693.5088	110413.565317	6193.76116645	783401.911324	1168347.84904	777789.377975	2184884.96074	767363.592327	6469234.94435	182999.39363	23979.8906102	138141.210862	376582.443355	211470.788254	120551.80693	33645.1453033	211046.310776	689.898365258	50.1597086739	14027.6718023	14580.3804594	13411.9999978	587924.767995	341741.498828	1615173.39326	40796.6751946	6102.04818034	144625.425639	27667.6138704	226352.752363	1993206.80551	726996.173018	4858995.86016	295386.054926	11186.0705448	232111.710228	386041.310837	952529.907614
Photochemical ozone formation midpoint, human health | ILCD recommended CF | Photochemical ozone creation potential (POCP)	548435329.684	2037651538.99	5322540267.71	151858276.859	23812911.3465	382363397.562	705647218.326	1467459664.22	995246500.476	2824117115.46	11297248771.2	138069430.285	7972100.48296	503430748.212	729931555.711	1772029322.53	1287870867.07	2470493519.86	9448832838.62	276293350.422	25611408.0179	252545606.124	761729723.408	1082313697	76309479.0502	127947109.098	333444491.872	1960098.56166	209941.163678	58682196.0795	33970437.9174	102574072.111	276792804.319	720792745.763	1224981935.34	43415397.5271	4592391.37779	179664959.407	31967670.1856	281569576.587	497375298.695	1886842254.18	3123743391.28	242169104.465	6755275.75933	254618722.244	351498807.744	621210755.391
Photochemical ozone formation endpoint, human health | ILCD recommended CF | Disability Adjusted Life Years (DALY)	21.4062588086	79.4837409873	207.616622433	5.92356286181	0.928917781144	14.9140423292	27.5148615256	57.2494650319	38.8620242321	110.172470805	440.670789872	5.38457100794	0.311008057852	19.6368414479	28.4629667151	69.1394128265	50.2736544522	96.3698005271	368.514787439	10.7739391547	0.99858248633	9.84952222698	29.7139868234	42.2271836308	2.9793373712	4.99384298657	13.0050462098	0.0764483440506	0.00818784702404	2.28866892648	1.32504459487	4.00195322046	10.8148695885	28.1213298177	47.7773486384	1.69302686228	0.179155780705	7.0081537066	1.24699334844	10.9918097348	19.421779968	73.6095818159	121.832676556	9.43988991993	0.263472076081	9.92990033287	13.7080212846	24.2377344008
Acidification midpoint | ILCD recommended CF | Accumulated Exceedance (AE)	29001216150.2	894909630.144	5811445199.9	270043957.21	41103017.2748	464942398.068	4279299839.57	1490682851.7	50040924410.8	5672073252.39	31481054548.4	515986174.419	14987235.8811	424547283.875	3532534259.23	1060488210.09	46194923896	867213897.419	16036440448	1287150661.24	172204815.105	497917402.735	1144027111.69	1008195655.58	2475855277.72	24073592.3878	769793635.157	4246155.88183	481047.892877	59678203.4742	40558032.9951	100199596.577	13857492751.6	973387294.81	5556859779.16	344366726.624	48551099.5361	517142205.624	117191605.968	1136613515.84	45648246967.7	1215581628.09	27730590709	2594950977.53	91954309.9773	926099294.184	1154951850.61	18407991457.1
Acidification endpoint | ILCD recommended CF | Change in potentially not occuring fraction of plant species per change in base saturation	136.313891987	3.98538508621	25.8733802828	1.20830304588	0.18473205135	2.08292211641	18.9645717076	6.67396635662	235.167383288	25.123290944	139.558100831	2.29193466642	0.0665797779288	1.88724205	15.6538219104	4.70552189944	217.164819491	3.84686465753	71.6192327095	5.71821402506	0.767849733454	2.25435862971	5.09235610352	4.62618187135	11.6396776954	0.106740087639	3.41683424229	0.0188434125294	0.00213325351851	0.265729044219	0.18279993456	0.46193329125	65.1454108968	4.31849197986	25.0809890482	1.54913862177	0.222455591054	2.3905228862	0.529918750859	5.26682230753	214.608157773	5.4103815092	128.04627822	11.5277554062	0.422287001807	4.18084713697	5.12734099592	86.4229431063
Eutrophication terrestrial midpoint | ILCD recommended CF | Accumulated Exceedance (AE)	128836054540	377634630.992	2333859254.3	206627547.78	44769866.942	397318471.505	293990065.533	1204997908.7	221667396021	167647035.979	2871493599.03	120761619.307	3648990.03802	123225899.57	221370155.517	166600314.876	205798611087	118741529.009	10067074944.1	315578506.667	88200288.6016	811601963.5	442905014.03	2644849505.54	11038887475.1	2519489.79711	139845250.539	710630.786988	55744.4405663	24507196.1301	52599317.8478	298031163.674	61744851990	143927698.277	7785608295.36	398344227.689	122077379.484	1642875269.15	180027957.285	3818521379.43	203579680143	462758296.904	85813239228	629551397.313	246890566.98	1311884790.63	224949917.42	80151029228.6
Eutrophication marine midpoint | ILCD recommended CF | Potentially Disappeared Fraction of species (PDF)	1068862082.11	3132968.79045	19362387.8875	1714243.35936	371424.081296	3296271.7636	2439028.69183	9997019.68697	1839018396.62	1390849.48368	23822761.7105	1001874.17499	30273.1025377	1022318.57421	1836552.40133	1382165.57527	1707366254.95	985114.907336	83519436.573	2618132.79605	731735.727657	6733290.36386	3674471.2275	21942455.1571	91581881.2753	20902.4338723	1160197.6341	5895.60356612	462.472395809	203318.960486	436379.525848	2472554.83936	512253586.88	1194066.83015	64591713.2652	3304781.74082	1012790.11127	13629780.0107	1493565.27525	31679584.7775	1688957346.37	3839179.94468	711932058.78	5222944.92586	2048277.29642	10883784.9297	1866251.16674	664956686.933
Ecotoxicity freshwater midpoint | ILCD recommended CF | Comparative Toxic Unit for ecosystems (CTUe)	19270475205.3	10238461305.5	1.14346112009e+12	7384273022.48	2402385655.03	41368917097.1	691187691817	66151216787.9	6698463567.02	13414603110.6	1.95490168008e+12	6697733279.17	671527439.926	7766574921.37	583508629600	12315827568.6	9947987142.17	22942214052	1.79460423987e+12	6205994154.67	656892005.43	11897924661.8	174154436014	11291188859.2	385686567.456	109223184.718	8047894604.47	17519282.6707	1124376.9809	499995898.186	4437963329.4	437647431.457	1055512137.56	18258825078.7	520398648265	2155051431.51	703758195.402	3777862058.51	9094116891.18	6753096211.47	4817307312.72	35478550694.8	1.33052431205e+12	8506909220.88	1167606952.04	10615500882.9	181828116454	13178648271.9
Ecotoxicity freshwater endpoint | ILCD recommended CF | Potentially Disappeared Fraction of species (PDF)	19270475205.3	10238461305.5	1.14346112009e+12	7384273022.48	2402385655.03	41368917097.1	691187691817	66151216787.9	6698463567.02	13414603110.6	1.95490168008e+12	6697733279.17	671527439.926	7766574921.37	583508629600	12315827568.6	9947987142.17	22942214052	1.79460423987e+12	6205994154.67	656892005.43	11897924661.8	174154436014	11291188859.2	385686567.456	109223184.718	8047894604.47	17519282.6707	1124376.9809	499995898.186	4437963329.4	437647431.457	1055512137.56	18258825078.7	520398648265	2155051431.51	703758195.402	3777862058.51	9094116891.18	6753096211.47	4817307312.72	35478550694.8	1.33052431205e+12	8506909220.88	1167606952.04	10615500882.9	181828116454	13178648271.9
GHG emissions AR5 (GWP100) | GWP100 (IPCC, 2010)	756235607543	884682586431	1.38231538849e+12	290771497681	113205573714	275536908615	678978913919	1.02303156931e+12	1.88448468381e+12	1.32790710577e+12	5.08292573757e+12	569428065496	219318666984	152015372670	513542813676	980120794570	1.61508022839e+12	893303071618	1.72733220937e+12	667218974196	84188471769.3	118639666254	502145477175	972565917186	122741993437	122776252174	53419897651.1	17576044236.6	6370662757.15	25777567792	32818770451.2	57659098044.3	763909827007	338222254966	313515438651	95741902352.6	6077443220.27	60163844414.8	31890490336.7	318937766951	894049739172	815532944401	1.1473782403e+12	739259391627	16297696352.7	171975695349	302452856789	444032056199
Nitrogen	8163918602.6	53436444.0259	290320651.923	30949463.2425	7013536.54887	58979979.0586	268682435.047	655384893.017	20549085586.6	49534268.4859	683077390.28	42047504.2064	4315580.44936	24128896.5462	238360123.696	776099977.05	9296213377.59	35729382.1967	490859258.824	52459960.0122	5660143.12287	63666214.4036	136472290.744	960230179.425	399616952.111	1480969.46351	10316409.1875	868410.584895	105342.20718	5729876.82936	7902855.79251	60532827.1846	1976780055.71	11478049.4965	275485551.848	14079781.9434	3069227.34911	33300026.053	11290486.5094	113126906.505	6088778856.59	33956828.5232	1175177575.96	64342291.8096	7546152.06416	42911246.1964	100388101.744	632921105.907
Phosphorous	1884844062.29	5725009.69339	33881042.8911	2164425.63376	425907.21582	5749667.97395	1511352.55771	21106615.3539	10596280118.2	0	39343229.234	0	0	1006341.58742	0	15692870.7984	10339045436.6	2971539.50022	607468571.186	10614890.5417	3522202.62781	14075227.5511	5049428.23778	102724811.822	893743134.559	0	9236398.27271	0	0	3114971.27408	1666782.1865	60683957.4694	1670012298.5	3132381.01892	186305110.348	9210238.68327	2858706.01063	24308882.7238	3441627.7359	85925616.7198	2379507117.65	2413274.97752	295259167.037	12836096.2336	6022572.55299	24220279.2254	1723231.36725	69149322.4919
PM10	97474565.7494	182982623.05	1919273967.81	32767335.3928	9359410.5536	91388540.2059	457541686.229	279961128.511	176458334.57	1929827715.68	7601674947.74	39624233.3799	1998060.54883	363845495.959	412851118.728	338741485.645	163793696.641	391886333.817	2386538835.34	42467245.129	6039065.54594	53524029.9072	137341908.512	69640870.7111	10197788.8752	30680241.9522	59469067.5275	239725.289595	5193.03844587	5354332.73304	6208902.26274	4253182.45051	17309257.5839	140517771.437	560342314.113	8605186.19126	1711897.56543	53589094.6655	9130071.70404	78734054.7721	87723883.2704	330625636.692	1557110604.44	45208786.5536	3001816.37118	83883461.5901	144164285.815	101860228.305
PM25	86604786.9285	76879229.3721	1427785607.03	26904436.9334	7192581.8021	68312464.7748	427336169.593	187558860.754	154451561.967	1194441357.1	5180062470.05	32526551.0211	1560269.01527	276980310.183	389351744.545	275059823.881	152305731.045	265407409.983	1811004240.69	33198770.0721	4322400.2312	43157530.3666	127783580.763	61383835.5194	9649155.7713	4370156.39657	39030050.2755	99644.994846	4900.32128782	3885578.12241	5487249.44413	2371861.73791	15144690.5419	100119061.026	425609801.27	6835021.73017	1371987.28667	49207137.1946	8398984.41212	69524427.9853	77892542.3873	250226362.381	1141765960.1	33463505.1707	2196035.47664	54673881.3584	132427764.08	69359045.5406
SOx	137491281.632	618649896.599	4037673466.25	170855427.088	23731169.6378	287069301.101	3216437536.69	932152943.944	345883153.068	4301198465.3	23540985339.8	373260574.744	10817513.9655	303039079.197	2658788500.42	781083284.435	119856777.658	641718303.509	10522441601.2	928667618.692	116392430.44	241495448.524	797669938.675	317964141.565	4897148.66972	17946544.4189	563747889.058	3119988.65864	357692.86646	41370880.1011	21978145.6337	25594596.5224	34305860.1478	718465752.396	2912359059.46	194851639.345	16215219.5474	114217498.619	58716553.5524	215569572.972	81464519.9016	848901437.523	6514390280.05	1873372517.77	28033569.2629	482920463.884	843228794.606	364816307.638
NOx	1070226615.83	852146236.966	4005757496.1	579751219.501	145866947.699	661371574.447	6709558606.47	1103858143.53	1750869827.8	1229267195.06	14092897075	1051719481.89	109765977.69	475604812.421	6061535646.17	352513909.885	1896101533.17	847156328.277	6099196648.35	1200833830.53	93316221.7085	302200965.407	3242029347.78	520948165.705	90398709.7383	37270492.4196	161422894.94	22058304.3014	2685366.43624	63577222.3783	170113575.58	30622678.3693	164928425.85	175026691.963	1026998328.56	185298110.109	18759654.6679	150350009.733	158360271.059	91640360.5213	960094152.757	705998778.73	3204003232.84	1237137724.06	23155944.9406	388546496.709	2492741756.14	366068261.11
Domestic Extraction Used - Crop and Crop Residue	898223.007	0	0	0	0	0	0	0	2851202.996	0	0	0	0	0	0	0	2233072.929	0	0	0	0	0	0	0	76692.651	0	0	0	0	0	0	0	664302.105	0	0	0	0	0	0	0	1025906.723	0	0	0	0	0	0	0
Domestic Extraction Used - Grazing and Fodder	1145115.08094	0	0	0	0	0	0	0	2907654.34124	0	0	0	0	0	0	0	3638905.25559	0	0	0	0	0	0	0	256638.95831	0	0	0	0	0	0	0	1495337.97697	0	0	0	0	0	0	0	1443271.02889	0	0	0	0	0	0	0
Domestic Extraction Used - Forestry and Timber	415269.800826	0	0	0	0	0	0	0	621156.760853	0	0	0	0	0	0	0	640725.310121	0	0	0	0	0	0	0	20216.5219927	0	0	0	0	0	0	0	506789.528255	0	0	0	0	0	0	0	229545.482147	0	0	0	0	0	0	0
Domestic Extraction Used  Fisheries	14575.3415	0	0	0	0	0	0	0	33353.4802	0	0	0	0	0	0	0	17990.0774	0	0	0	0	0	0	0	179.3838	0	0	0	0	0	0	0	7298.8274	0	0	0	0	0	0	0	17304.8501	0	0	0	0	0	0	0
Domestic Extraction Used - Non-metalic Minerals	0	4058925.39912	0	0	0	0	0	0	0	18057714.4179	0	0	0	0	0	0	0	3973237.41427	0	0	0	0	0	0	0	97573.07677	0	0	0	0	0	0	0	1005761.60644	0	0	0	0	0	0	0	3620397.76083	0	0	0	0	0	0
Domestic Extraction Used - Iron Ore	0	211464.206	0	0	0	0	0	0	0	1299728.704	0	0	0	0	0	0	0	511023.913	0	0	0	0	0	0	0	433452	0	0	0	0	0	0	0	71601.597	0	0	0	0	0	0	0	106007.431	0	0	0	0	0	0
Domestic Extraction Used - Non-ferous metal ores	0	275202.77468	0	0	0	0	0	0	0	1180971.16255	0	0	0	0	0	0	0	2200561.60032	0	0	0	0	0	0	0	345484.019442	0	0	0	0	0	0	0	321096.007566	0	0	0	0	0	0	0	382568.140244	0	0	0	0	0	0
Unused Domestic Extraction - Crop and Crop Residue	538487.93482	0	0	0	0	0	0	0	1635780.69677	0	0	0	0	0	0	0	1119635.35049	0	0	0	0	0	0	0	25494.96946	0	0	0	0	0	0	0	475143.11854	0	0	0	0	0	0	0	525081.23847	0	0	0	0	0	0	0
Unused Domestic Extraction - Grazing and Fodder	214625.256749	0	0	0	0	0	0	0	70437.1737882	0	0	0	0	0	0	0	197436.178636	0	0	0	0	0	0	0	3670.58823529	0	0	0	0	0	0	0	4132.86181177	0	0	0	0	0	0	0	35232.1266164	0	0	0	0	0	0	0
Unused Domestic Extraction - Forestry and Timber	70554.0074828	0	0	0	0	0	0	0	93173.5141281	0	0	0	0	0	0	0	96103.8987181	0	0	0	0	0	0	0	3032.47829891	0	0	0	0	0	0	0	76018.4292382	0	0	0	0	0	0	0	34431.8223221	0	0	0	0	0	0	0
Unused Domestic Extraction  Fisheries	3180.18928	0	0	0	0	0	0	0	6237.613404	0	0	0	0	0	0	0	3461.493464	0	0	0	0	0	0	0	29.117682	0	0	0	0	0	0	0	1693.559318	0	0	0	0	0	0	0	3760.010628	0	0	0	0	0	0	0
Unused Domestic Extraction - Coal and Peat	0	5884512.784	0	0	0	0	0	0	0	6842855.992	0	0	0	0	0	0	0	7280160.54599	0	0	0	0	0	0	0	6732125.28	0	0	0	0	0	0	0	2024491.19011	0	0	0	0	0	0	0	1145986.32217	0	0	0	0	0	0
Unused Domestic Extraction - Oil and Gas	0	229408.516954	0	0	0	0	0	0	0	86930.904688	0	0	0	0	0	0	0	232854.950836	0	0	0	0	0	0	0	9637.567832	0	0	0	0	0	0	0	108671.981131	0	0	0	0	0	0	0	375939.519813	0	0	0	0	0	0
Unused Domestic Extraction - Non-metalic Minerals	0	508701.317725	0	0	0	0	0	0	0	191276.380424	0	0	0	0	0	0	0	74631.802748	0	0	0	0	0	0	0	2883.8838957	0	0	0	0	0	0	0	10951.3453055	0	0	0	0	0	0	0	47620.0899149	0	0	0	0	0	0
Unused Domestic Extraction - Iron Ore	0	125609.738364	0	0	0	0	0	0	0	1049204.08393	0	0	0	0	0	0	0	443755.118744	0	0	0	0	0	0	0	516674.784	0	0	0	0	0	0	0	70049.971399	0	0	0	0	0	0	0	94736.771517	0	0	0	0	0	0
Unused Domestic Extraction - Non-ferous metal ores	0	236398.720597	0	0	0	0	0	0	0	475141.349933	0	0	0	0	0	0	0	3462873.02606	0	0	0	0	0	0	0	397873.126293	0	0	0	0	0	0	0	523797.883299	0	0	0	0	0	0	0	498800.299217	0	0	0	0	0	0
Land use Crop, Forest, Pasture	10177293.4718	0	0	0	0	0	0	0	9848364.34694	0	0	0	0	0	0	0	18893482.3691	0	0	0	0	0	0	0	2678951.16097	0	0	0	0	0	0	0	11350334.3948	0	0	0	0	0	0	0	7388025.09519	0	0	0	0	0	0	0
