region	Europe	Europe	Europe	Europe	Europe	Europe	Europe	Europe	Asia	Asia	Asia	Asia	Asia	Asia	Asia	Asia	America	America	America	America	America	America	America	America	Oceania	Oceania	Oceania	Oceania	Oceania	Oceania	Oceania	Oceania	Africa	Africa	Africa	Africa	Africa	Africa	Africa	Africa	Other	Other	Other	Other	Other	Other	Other	Other
sector	food	mining	manufactoring	electricity	gas	construction	transport	other	food	mining	manufactoring	electricity	gas	construction	transport	other	food	mining	manufactoring	electricity	gas	construction	transport	other	food	mining	manufactoring	electricity	gas	construction	transport	other	food	mining	manufactoring	electricity	gas	construction	transport	other	food	mining	manufactoring	electricity	gas	construction	transport	other
impact																																																
Value Added	243684.614161	65669.7502129	3071283.09441	172315.600673	49133.5722741	2780113.55123	871566.301817	6557067.296	482327.467765	24469.6952023	2835267.25196	49792.3919938	26745.6973231	3103335.6662	525218.609832	4342214.88273	173042.126763	133306.920981	3555162.54474	144870.004549	39320.8401651	2652365.05481	860102.470415	8638539.98015	10450.0546563	16817.4345609	147736.203045	2144.78320947	680.553997813	219928.152444	64121.4953849	422041.43237	88473.047886	11198.4807547	349360.328053	16653.036296	3791.74392267	274284.946989	78061.773245	457698.483708	121722.381018	28985.6655215	1204255.43511	32412.579554	8971.47212565	698618.296898	110724.872774	1188224.29998
Employment	47205.0864468	1824.84504395	156881.556475	3711.56090775	1421.0592921	107179.249027	29096.0111819	196903.422334	246755.654733	1742.42297752	297433.909406	1935.20725287	1282.68910323	273013.146147	35877.6257941	259923.442091	17369.7943909	3026.18708382	168997.379333	2250.76446322	859.525798527	90623.25829	18177.5252821	210402.750206	908.670174416	161.183875591	9497.98925453	23.5565032509	8.43590476589	5516.54010473	1386.09840854	7180.04623989	75116.5059716	1176.55187007	66687.8497848	2554.87435011	1181.66722813	50863.670401	13452.8523989	84289.9541209	56874.6843438	2254.25433856	150361.345465	4115.0026223	1980.08908407	82789.7618464	11750.1201657	112273.151662
Employment hour	98598623812.7	3777086025.91	327091801396	7461578866.13	2849290401.78	210288342307	58576672652.6	365882252483	507407213141	3973406102.33	657889295065	4385693075.76	2910623344.14	643589654374	83735697063.1	588037644128	35971662516.9	6774053972.44	365752031284	4633169047.24	1821298825.28	189632667337	39641779015.2	427170635902	1668181125.07	336647675.775	20395053492.3	48391616.1749	17706285.95	10769573789.9	2852369784.06	13450654163.2	176175387487	2625197030.44	150578570433	5792140845.33	2714815448.46	111563011898	29129735484.7	182779674562	96721698002.5	5182108056.08	327615841489	9332744321.71	4444690955.02	184005613069	26797954050.1	255076334296
GHG emissions (GWP100) | Problem oriented approach: baseline (CML, 2001) | GWP100 (IPCC, 2007)	499416340047	150039591132	2.30803564189e+12	166180353723	56711499666.4	742119671040	439425833280	1.5057432255e+12	948845197975	67495579220.7	4.054125568e+12	138686163568	103048958404	1.67103507758e+12	370469093701	2.07332951349e+12	479280297386	200924333476	3.2194579751e+12	299252758802	65732309277.2	549783803978	342900544776	1.87722890676e+12	34839321280.5	18715482032.3	149432452565	6606435894.83	3053172733.15	80391276425.1	32058109992.3	101381667069	333142448689	23359397991.5	490314078499	55317705656.2	9609267917.39	192171169944	48350603460.4	412818780664	352835745810	60174870692	1.59203328042e+12	231887336558	15076119467.5	498908978864	117115087515	809571304860
Human toxicity (USEtox) | USEtox2008 | CTUh (Rosenbaum et al., 2008)	67058.2586991	15313.0055897	2504380.82684	34195.142707	14457.2994541	584461.092666	793151.035795	843816.07277	102013.07588	8653.53458886	2865210.61796	13630.0511731	7681.1945731	1055716.25575	611435.671237	975137.991518	24711.5008462	23042.3372464	2983183.40496	16113.6254068	6836.40031137	349898.545344	274879.733644	771603.639509	1482.24790103	1100.1785843	104342.141063	173.414714074	65.2747202953	27103.550288	16171.1292158	28928.1052362	14744.7655968	4600.79423128	643949.50911	6006.06490432	2514.47460782	121497.886271	39904.5926614	138874.254953	22098.4840147	8026.95008545	1555392.99862	9250.3646618	3135.08599015	275257.490972	125177.727094	285824.448313
Fresh water Ecotoxicity (USEtox) | USEtox2008 | CTUe (Rosenbaum et al., 2008)	40034576743.5	8118303407.68	1.30840010527e+12	21187172326.1	9180866733.41	340435556088	589220581693	524115655340	55860848874.9	4666371584.09	1.37065356313e+12	8280076252.08	4174141206.17	554134710291	443131365676	532693306417	16921852446.9	14253430209.7	1.73394197391e+12	9784147928.66	4078360073.67	210089731681	199939371894	478956807429	898768027.753	597363830.153	54695453984.1	90647938.395	35686047.4129	14127584509	10964997521.8	15539015626.1	9119542289.82	2742628349.07	382488061925	3835426087.35	1572174897.6	72975475245	25866644058.3	83846750789.9	14618188077	4882116601.06	867842257701	6692320259.14	1967304326.88	166731676836	92372881089.7	180932983903
EPS | Damage Approach | EPS (Steen, 1999))	171500971075	32423885170.5	4.66953425862e+12	58697963174.5	20693631308.1	851723505695	228427173168	1.07562923651e+12	459767157825	34135043487.4	1.12539619328e+13	55244958598.2	34048524485.9	3.56901353361e+12	404557437162	3.11614996597e+12	121539224861	72160374998.6	7.57307657351e+12	63409481302.1	21927969837.5	826152554675	202828753623	1.68904435001e+12	8258972166.73	4599732118.82	274999334087	1112393874.54	487022385.883	68867520394.5	19943456616.5	72523096657	76003845675.4	12516577147.4	1.48201391721e+12	18693790968.2	6411447363.13	285156109674	66420817201.4	337779469632	103287452383	25180597481.2	4.25847973902e+12	43522611931.3	7624791067.17	629591731401	75140922616.8	613500239047
Carcinogenic effects on humans (H.A) | ECOINDICATOR 99 (H.A) | Carcinogenic effects on humans (H.A)	24813.5056295	5464.43976444	707293.917571	13338.1888056	6106.19453471	210398.914297	469118.153865	352589.767796	37341.6328855	2857.64039945	807093.926108	5356.62634668	2494.82053506	353679.799752	351806.437034	357922.568879	9942.22123244	6268.86201869	745008.344186	5946.13724324	1890.03829589	97524.7866468	148292.926896	252421.126247	584.949069778	319.92469737	26060.1397042	47.2273967862	18.6048629788	7279.09836063	7656.60687697	8508.57503861	4051.85034915	1112.51102261	153590.807678	1879.23361275	621.17746518	30536.8289365	14361.9649755	35941.1914067	8480.81515278	2471.40887836	401612.367557	6076.89632711	1099.10020151	89753.7913993	70426.2035578	106387.850655
Respiratory effects on humans caused by organic substances (H.A) | ECOINDICATOR 99 (H.A) | Respiratory effects on humans caused by organic substances (H.A)	312.818181026	399.476182917	5109.99156994	132.377510666	46.4523990698	1312.35685785	424.402493638	2364.45288863	423.814775247	124.139999361	5603.33144396	48.1966522413	21.0693803351	2360.36724475	427.462583001	3005.3910294	311.240832813	612.913383704	9174.21959894	156.806958098	74.2563079483	1329.59346352	492.551098899	3226.63851104	17.5996814326	20.9316841332	300.958170517	1.38728867593	0.87377731709	151.932584712	42.3366586892	182.112123209	68.1319835673	48.7376669925	932.530944183	26.0397215085	6.47230729426	321.038347775	61.1952742579	389.075189812	152.658018665	129.702794426	2708.0715234	54.3572816603	8.98096187158	639.172553284	122.980771933	944.204583876
Respiratory effects on humans caused by inorganic substances (H.A) | ECOINDICATOR 99 (H.A) | Respiratory effects on humans caused by inorganic substances (H.A)	11546580037.8	2197426970.62	471502236085	5394098573.36	1961305037.4	93366524261.4	56950353211.4	115720580262	16140920340	1349610753.44	485827858000	2354063295.15	1219755635.33	161301283558	45916429991.1	148854863382	4635506551.54	4229981077.68	565108159665	3129289704.4	1213761015.34	63344418607.5	24687189741.1	130428398988	264798433.468	179807172.312	18511196494.4	28276870.1972	10854760.4642	4430296553.21	1715348587.03	4546883110.59	2824031813.86	872653860.168	124125114363	1243210584.14	480270822.733	23023605583.5	6048072528.75	26143812090.7	3825509261.45	1420095720.29	287263692263	2460891122.44	528300569.763	45646396831.6	10263330450.6	44267730620.2
Damages to human health caused by climate change (H.A) | ECOINDICATOR 99 (H.A) | Damages to human health caused by climate change (H.A)	98355.0736031	27762.8972083	451493.76073	34134.3417081	11562.4522814	147502.03094	90624.4195699	289986.477778	188916.231066	12746.8830123	804937.108509	28837.6324085	21447.5529023	333118.72866	75934.1334257	401985.993505	93853.6111169	36707.4787346	629228.048177	62252.5794067	13255.7656779	107691.296843	70379.9302494	327085.731108	6927.31682518	3447.63303392	29620.2896766	1377.2984211	623.699193974	15995.0589459	6552.6669367	18646.3880216	66043.4624428	4281.63335093	96914.1782274	11374.2300186	1907.45206817	38045.7347191	9642.03623501	78250.3940312	69104.1748655	11395.2970625	317038.125279	48424.7023021	3082.22107758	100766.678224	24226.3459657	159538.751151
Damage to Ecosystem Quality caused by ecotoxic emissions (H.A) | ECOINDICATOR 99 (H.A) | Damage to Ecosystem Quality caused by ecotoxic emissions (H.A)	11546642052.6	2197427805.67	471507047482	5394127674.01	1961316088.33	93367300745.9	56950302043.2	115721317681	16141049582.2	1349570340.08	485834891680	2354079702.61	1219768394.06	161303087959	45916480793	148856399731	4635512449.44	4229969523.98	565115688107	3129300371.87	1213768265.96	63345177155.2	24687274832.4	130429847248	264798567.312	179807054.001	18511433430.3	28277110.2002	10854811.2304	4430344418.9	1715357958.44	4546932783.3	2824059817.15	872658724.12	124126796971	1243220391.94	480275968.873	23023870342.7	6048136693.54	26144083251.2	3825519427.81	1420088422.24	287267546396	2460892330.96	528304994.897	45646886136.1	10263346665.3	44268119452.7
Damage to Ecosystem Quality caused by the combined effect of acidification and eutrophication (H.A) | ECOINDICATOR 99 (H.A) | Damage to Ecosystem Quality caused by the combined effect of acidification and eutrophication (H.A)	90579954632.7	1511725357.97	116673888823	3011969550.32	910376529.411	31419417193.5	25090207670.8	46478845702	130368893938	985279317.784	170837260352	2103369134.98	731449533.36	75221197286.7	22494551925.3	63598803582	72865517800.7	2246834024.33	186365077419	4221201675.98	862948005.214	27717504186.2	14703914688.1	58704365054.9	4261560331.72	154404637.237	8889322792.29	61635324.6857	13475053.4608	3600941281.29	1355190435.88	3718529730.28	32776096158.3	311316018.594	31531963930.6	1415904145.98	565923387.015	11594102350.1	2618352524.11	15037907430.6	86122061541.3	877957148.196	111548992630	3700265080.37	653174335.621	37711474231.6	7089781269.2	105413038258
Carcinogenic effects on humans (E.E) | ECOINDICATOR 99 (E.E) | Carcinogenic effects on humans (E.E)	24813.5056295	5464.43976444	707293.917571	13338.1888056	6106.19453471	210398.914297	469118.153865	352589.767796	37341.6328855	2857.64039945	807093.926108	5356.62634668	2494.82053506	353679.799752	351806.437034	357922.568879	9942.22123244	6268.86201869	745008.344186	5946.13724324	1890.03829589	97524.7866468	148292.926896	252421.126247	584.949069778	319.92469737	26060.1397042	47.2273967862	18.6048629788	7279.09836063	7656.60687697	8508.57503861	4051.85034915	1112.51102261	153590.807678	1879.23361275	621.17746518	30536.8289365	14361.9649755	35941.1914067	8480.81515278	2471.40887836	401612.367557	6076.89632711	1099.10020151	89753.7913993	70426.2035578	106387.850655
Respiratory effects on humans caused by organic substances (E.E) | ECOINDICATOR 99 (E.E) | Respiratory effects on humans caused by organic substances (E.E)	86053.8591509	28053.4658559	1789259.14322	32296.0797864	11124.8491629	399927.24734	286334.164498	626238.454967	200107.391042	70913.3998885	3838057.51324	23862.5632318	11532.6918312	1589947.2249	304758.287279	1389060.42473	66417.412201	81812.0215686	2457397.0606	28977.4265078	13057.1916482	314605.916385	132290.370777	646219.446689	4321.26465214	3288.68909788	103346.915774	248.216753823	142.280031979	32053.0290456	11683.3761173	31558.105058	18355.8265257	9726.83657295	428813.246881	7960.32573014	2684.23331433	120493.435375	25682.9285931	158400.954596	49975.6040367	31698.1373023	1378985.38176	19351.7742996	3635.00614984	261598.363427	59675.8473838	283992.56261
Respiratory effects on humans caused by inorganic substances (E.E) | ECOINDICATOR 99 (E.E) | Respiratory effects on humans caused by inorganic substances (E.E)	545606.78795	24837.2200763	1262991.00128	44129.1337542	13243.6892898	365049.901071	420817.695176	573535.850191	809345.370099	20532.951622	2182501.37644	33439.8506657	10451.7852869	920335.239734	359988.604675	824566.742983	440471.654768	36011.9094651	1998359.48136	75704.2908272	14015.389286	295578.851523	223786.397112	676332.083479	25580.0051646	1899.62412449	93163.988713	921.9885832	186.271973632	38453.0046757	18212.0185818	38321.1530977	188763.406642	5471.64373757	339625.711242	19117.0821089	5220.60139931	108436.484848	29151.682579	136802.246854	501516.148402	14163.595967	1107889.32754	71456.7224486	6531.82372336	343049.524941	96795.3104268	743796.073574
Damages to human health caused by climate change (E.E) | ECOINDICATOR 99 (E.E) | Damages to human health caused by climate change (E.E)	98355.0736031	27762.8972083	451493.76073	34134.3417081	11562.4522814	147502.03094	90624.4195699	289986.477778	188916.231066	12746.8830123	804937.108509	28837.6324085	21447.5529023	333118.72866	75934.1334257	401985.993505	93853.6111169	36707.4787346	629228.048177	62252.5794067	13255.7656779	107691.296843	70379.9302494	327085.731108	6927.31682518	3447.63303392	29620.2896766	1377.2984211	623.699193974	15995.0589459	6552.6669367	18646.3880216	66043.4624428	4281.63335093	96914.1782274	11374.2300186	1907.45206817	38045.7347191	9642.03623501	78250.3940312	69104.1748655	11395.2970625	317038.125279	48424.7023021	3082.22107758	100766.678224	24226.3459657	159538.751151
Damage to Ecosystem Quality caused by ecotoxic emissions (E.E)) | ECOINDICATOR 99 (E.E) | Damage to Ecosystem Quality caused by ecotoxic emissions (E.E))	11546642052.6	2197427805.67	471507047482	5394127674.01	1961316088.33	93367300745.9	56950302043.2	115721317681	16141049582.2	1349570340.08	485834891680	2354079702.61	1219768394.06	161303087959	45916480793	148856399731	4635512449.44	4229969523.98	565115688107	3129300371.87	1213768265.96	63345177155.2	24687274832.4	130429847248	264798567.312	179807054.001	18511433430.3	28277110.2002	10854811.2304	4430344418.9	1715357958.44	4546932783.3	2824059817.15	872658724.12	124126796971	1243220391.94	480275968.873	23023870342.7	6048136693.54	26144083251.2	3825519427.81	1420088422.24	287267546396	2460892330.96	528304994.897	45646886136.1	10263346665.3	44268119452.7
Damage to Ecosystem Quality caused by the combined effect of acidification and eutrophication (E.E) | ECOINDICATOR 99 (E.E) | Damage to Ecosystem Quality caused by the combined effect of acidification and eutrophication (E.E)	90579954632.7	1511725357.97	116673888823	3011969550.32	910376529.411	31419417193.5	25090207670.8	46478845702	130368893938	985279317.784	170837260352	2103369134.98	731449533.36	75221197286.7	22494551925.3	63598803582	72865517800.7	2246834024.33	186365077419	4221201675.98	862948005.214	27717504186.2	14703914688.1	58704365054.9	4261560331.72	154404637.237	8889322792.29	61635324.6857	13475053.4608	3600941281.29	1355190435.88	3718529730.28	32776096158.3	311316018.594	31531963930.6	1415904145.98	565923387.015	11594102350.1	2618352524.11	15037907430.6	86122061541.3	877957148.196	111548992630	3700265080.37	653174335.621	37711474231.6	7089781269.2	105413038258
Carcinogenic effects on humans (I.I) | ECOINDICATOR 99 (I.I) | Carcinogenic effects on humans (I.I)	1972.96754692	513.387897894	70760.0761897	1203.43817062	469.36221014	17779.7766118	28963.8556334	27536.8340701	3549.32962939	335.522516705	98230.6273921	702.822212945	264.217539764	37003.4731935	22599.8967972	38575.3088997	720.476122095	673.389260087	83001.4754872	956.149387001	204.754259023	10091.6375318	9759.04066089	24913.21258	42.1387611649	33.485119627	2899.14263612	5.2105215523	1.95280734337	748.159718519	540.277005933	828.933948689	397.757557821	124.769761198	17102.8445025	277.334805192	68.6606331673	3324.02061386	1204.26477317	3913.32670173	709.466084213	279.558090987	45533.2631249	1219.74603543	116.70118789	8880.53134397	4560.26640911	10112.5214025
Respiratory effects on humans caused by organic substances (I.I) | ECOINDICATOR 99 (I.I) | Respiratory effects on humans caused by organic substances (I.I)	400.193009682	401.752402531	4992.25700038	129.679815225	46.1332879708	1287.54419552	408.77599852	2418.70525412	610.57698156	131.53694979	5585.90360503	47.411848089	21.6133470902	2361.83803367	415.467321459	3138.60326615	407.554717939	614.881128066	8906.76505209	150.951778362	73.6114903471	1296.60344978	469.260862135	3249.68013725	25.1664262121	25.9446809894	300.381103657	1.41918125575	1.04607358754	151.399531589	41.3843225043	190.118552241	155.000512288	53.89381129	955.893103717	28.2760517454	7.99017682304	337.281377546	65.087761338	489.323756438	235.863676883	136.310235683	2690.35526004	54.313581753	9.56445307269	645.513198276	118.884475246	1002.73945632
Respiratory effects on humans caused by inorganic substances (I.I) | ECOINDICATOR 99 (I.I) | Respiratory effects on humans caused by inorganic substances (I.I)	354217.590406	26702.4781446	1790501.89144	32461.2685429	10866.0150731	410252.940777	292264.945029	638276.804742	573984.795245	60745.1478271	3682981.66318	24443.3362444	11019.1505845	1513135.05552	301776.552221	1322658.99935	280355.786027	69562.0417509	2634163.91879	40691.4716277	14148.2343521	345629.702494	136210.276838	708193.39497	16871.3793721	3018.38186652	117568.078074	307.061254196	141.849335475	39005.4357764	12681.1422473	38564.9931392	121128.782895	9743.8423273	473542.046879	12732.4229361	4191.25650903	137731.880207	29532.0031677	181764.358928	315330.975149	28405.3498091	1502886.65908	39990.5554257	5409.28020426	340330.704857	65710.6601298	580196.17411
Damages to human health caused by climate change (I.I) | ECOINDICATOR 99 (I.I) | Damages to human health caused by climate change (I.I)	96286.8752346	26989.5391985	434943.128305	32635.8565863	11067.1451016	141836.247477	86599.8290098	280311.541477	184994.613087	12429.6219994	774232.521536	27515.7833975	20464.5111388	320658.728478	72689.9745833	389265.485705	92090.7029914	35766.3542775	607127.83799	59391.1291393	12709.8274427	103810.765472	67279.7011157	316359.857484	6804.64319419	3398.59523506	28629.0878489	1314.14935526	598.164129374	15441.2597249	6282.68916535	18155.5691139	65053.3343931	4231.51384738	94166.0991108	10916.3424268	1858.48748156	37059.5977358	9352.67611959	76977.709125	67857.1567891	11132.5990775	305433.817119	46191.89739	2959.80325842	97008.0721184	23167.0320627	154296.21373
Damage to Ecosystem Quality caused by ecotoxic emissions (I.I) | ECOINDICATOR 99 (I.I) | Damage to Ecosystem Quality caused by ecotoxic emissions (I.I)	1384886556.98	245120771.943	50044407856	609517606.031	225778743.458	10275038369.1	7830509924.49	13343913647.4	2168438871.83	173739779.057	60042388870.2	304845620.601	153563424.779	20273288659.2	6430016161.52	18841006724.9	707401436.894	557403430.546	72998005899.4	419341179.62	158899319.352	8222506947.81	3417310550.18	17033918846.1	39641813.701	22228623.7209	2281269840.28	3562653.161	1355549.21655	540059267.209	225780803.379	559201089.961	382023771.002	115294305.544	16200866904.9	165409111.427	63814738.5102	3010002405.91	801978917.901	3439565679.01	546738810.944	186446132.983	36561383337	333804192.296	69963383.7129	5921856719.25	1438219908.77	5800229332.16
Damage to Ecosystem Quality caused by the combined effect of acidification and eutrophication (I.I) | ECOINDICATOR 99 (I.I) | Damage to Ecosystem Quality caused by the combined effect of acidification and eutrophication (I.I)	90579954632.7	1511725357.97	116673888823	3011969550.32	910376529.411	31419417193.5	25090207670.8	46478845702	130368893938	985279317.784	170837260352	2103369134.98	731449533.36	75221197286.7	22494551925.3	63598803582	72865517800.7	2246834024.33	186365077419	4221201675.98	862948005.214	27717504186.2	14703914688.1	58704365054.9	4261560331.72	154404637.237	8889322792.29	61635324.6857	13475053.4608	3600941281.29	1355190435.88	3718529730.28	32776096158.3	311316018.594	31531963930.6	1415904145.98	565923387.015	11594102350.1	2618352524.11	15037907430.6	86122061541.3	877957148.196	111548992630	3700265080.37	653174335.621	37711474231.6	7089781269.2	105413038258
Unused Domestic Extraction	530158.569368	1152953.62688	4009981.03752	136924.127979	78421.1430003	1024434.11422	171857.272056	1040373.96493	965826.24725	465769.153757	6223035.63504	51686.4976446	33274.8079838	2511522.03948	225407.49356	1824643.21152	454162.072964	2346581.8857	6362162.93404	148727.897869	206585.3918	1104368.49274	158153.711311	1704331.53625	23595.0487521	1121681.15902	819091.101564	15108.9101816	39576.4466033	402812.951583	68496.3115598	358381.10992	262415.552761	178672.841886	668661.24516	27885.612667	9877.87051461	229011.553543	40972.5877052	250741.937431	258142.836244	239872.141895	2121728.07727	22756.2207947	7858.47851597	361582.100972	33957.5329764	334169.920268
Water Consumption Green - Agriculture	518964.278391	1611.54687536	413891.150024	3987.46694671	1327.23119153	94782.5896116	18256.1473196	111294.990684	1055531.23636	2021.84315788	719675.979902	2896.01518442	1694.892552	336027.621359	35405.6935789	243715.710504	531891.434849	4375.76095518	856562.681613	3511.52293533	1613.06327311	123158.550145	19943.0135157	208494.996197	23934.1183099	420.713272269	29858.8227931	55.9988669575	21.7063024708	12671.4854891	2327.82470122	11906.1423706	500302.605599	1487.15165619	180276.065409	6391.4816485	4424.82314248	87076.282524	15607.3160776	94118.4465841	398799.515476	1250.71697729	311766.062205	2206.42716381	1435.76392564	103629.177573	8041.69343105	88855.1087905
Water Consumption Blue - Agriculture	44130.0302665	148.159862476	42203.3174768	374.260740507	125.545987328	9465.9011274	2084.43116597	11364.1661346	207873.232141	361.220901438	132268.075079	542.635784572	316.922531826	63478.3354167	6648.03534908	45448.6741994	48474.8119522	448.638364872	91677.9270394	356.171050909	169.02008312	12695.8651684	2152.60095549	21783.9407972	3516.66535214	60.5206989847	4717.21838354	8.29625258611	3.25856792722	1781.93630913	350.611926533	1696.8535635	22411.6833466	82.0885453766	13088.1609894	319.384917646	211.522143856	4868.47685404	906.334856242	5020.93448626	111335.592449	264.84405804	60919.2499333	539.573413049	342.710982258	26192.8145384	1928.16179707	20937.1893127
Water Consumption Blue - Livestock	2312.97037484	7.19008099894	1840.61422866	17.7229218467	5.84858081017	419.931798393	78.9635018101	494.254833027	4230.3654088	8.31335559445	2960.70448919	11.8594580097	6.95895274031	1368.68578882	144.094099861	996.333978708	2626.10414409	20.7217091832	4087.51543807	16.8414764555	7.67636605418	590.053283027	93.873885014	994.843957973	166.415903828	2.56610708068	164.704349374	0.33985768125	0.126507224832	81.9391552338	13.5113399729	76.4340478314	1887.87553486	5.68872235815	698.779285806	24.3746303514	16.8865179556	331.67805892	59.6289534467	359.236845849	1437.2447237	4.9690134089	1274.79255867	8.39135306785	5.41687231635	389.816614344	30.7996641285	340.516506301
Water Consumption Blue - Manufacturing	148.990240935	18.7664827441	8067.32108495	57.3962480935	20.7574071855	1258.16581417	277.003707427	1467.99572655	700.205360677	48.1741112528	23691.2948413	84.199904383	47.9932111295	7365.01066731	753.83186262	6212.84160182	59.7221597537	37.6288432104	8839.17659781	28.4631949288	14.7029184322	874.235751437	200.170424234	1764.77147993	5.13824291016	3.72824947107	417.948589152	0.596079790128	0.241524644935	91.2858822985	25.804598203	95.125611258	75.5923309763	12.705048606	3562.12242088	22.3554568583	8.13102643503	620.250711965	148.924107767	677.780272236	76.4538973758	19.7952600394	7054.81176297	20.1823085413	6.34693926254	913.039419481	97.18958398	782.755500158
Water Consumption Blue - Electricity	27.4177261423	7.89480871043	415.122627665	895.210140369	31.1454650416	215.393681142	68.5155417033	475.73604314	11.4876037972	1.81540841934	182.172930633	75.5061123706	1.05427033983	83.0631451315	12.3639119978	113.0297232	11.9763573635	15.8760439891	402.971825871	838.417666461	4.84363633345	124.995417701	36.6745207206	599.984073547	0.280165910782	0.170612848091	10.0381328696	2.11603119774	0.00962685117509	4.02803341242	1.12877525759	3.6472990551	0.88442797508	0.154361885808	22.4909770796	1.99003757885	0.0754838973721	6.19902733432	1.39752050126	6.27890070521	12.4212768395	6.39096443642	142.540440443	292.974243279	4.89030304398	106.667925878	13.8159937769	221.657102123
Water Consumption Blue - Domestic	0	0	0	0	0	0	0	0	0	0	0	0	0	0	0	0	0	0	0	0	0	0	0	0	0	0	0	0	0	0	0	0	0	0	0	0	0	0	0	0	0	0	0	0	0	0	0	0
Water Consumption Blue - Total	46619.4086084	182.011234929	52526.3754181	1344.59005082	183.297440366	11359.3924211	2508.91391691	13802.1527373	212815.290514	419.523776704	159102.24734	714.201259336	372.928966036	72295.095018	7558.32522356	52770.8795031	51172.6146134	522.864961254	105007.590901	1239.89338875	196.24300394	14285.1496206	2483.31978546	25143.5403086	3688.49966478	66.9856683846	5309.90945494	11.3482212552	3.63622664816	1959.18938008	391.056639967	1872.06052165	24376.0356404	100.636678227	17371.5536731	368.105042435	236.615172144	5826.60465226	1116.28543796	6064.23050505	112861.712347	295.999295925	69391.3946954	861.121317937	359.365096881	27602.3384981	2069.96703896	22282.1184213
Water Withdrawal Blue - Manufacturing	719.741037797	92.2314402931	39582.7060165	284.542078839	100.118027888	6232.54693491	1315.9988243	7313.72840828	2522.93383019	173.937147776	84503.4220718	305.121459337	175.396379615	26220.6145348	2723.01496493	22376.4821288	362.886540269	221.911530764	52501.8117549	173.052813212	86.6940784334	5354.40356823	1133.78159241	10643.972212	27.2427709537	19.3847979528	2145.41788949	3.04805738522	1.21066024308	481.747523557	130.678185393	490.789004361	230.973354878	38.9551866168	11202.6041103	69.2260304349	24.3162132625	1958.2301101	457.535760493	2024.63565725	377.569748104	87.7489945197	34470.6640616	100.877044728	32.2328843989	4652.71240755	482.447001798	4023.75465663
Water Withdrawal Blue - Electricity	1183.46709505	326.998240765	17775.7072129	32269.5977615	1133.75260802	8594.51994084	2800.49000914	18410.247892	876.365112964	132.993919076	12967.8971643	5285.20008039	78.6281797022	5916.28590901	861.556514553	7944.46994252	578.932527751	768.476906251	20256.5274535	38257.6511336	228.075396102	5980.82165756	1745.79291432	27934.4611106	22.0214617545	8.54455990334	719.353661405	5.12135626708	0.469468299975	221.855734938	69.1860012878	207.574702673	51.7306071658	8.29370893519	1492.58485123	14.0911697164	3.93204851524	399.142954441	87.171690837	378.006952251	1217.52605475	641.662334376	11234.7428051	30342.3407369	502.95279999	10502.4311641	1365.17657914	22388.3080361
Water Withdrawal Blue - Domestic	0	0	0	0	0	0	0	0	0	0	0	0	0	0	0	0	0	0	0	0	0	0	0	0	0	0	0	0	0	0	0	0	0	0	0	0	0	0	0	0	0	0	0	0	0	0	0	0
Water Withdrawal Blue - Total	1903.20813285	419.229681059	57358.4132294	32554.1398403	1233.87063591	14827.0668757	4116.48883345	25723.9763002	3399.29894316	306.931066852	97471.3192361	5590.32153972	254.024559318	32136.9004438	3584.57147948	30320.9520714	941.819068019	990.388437015	72758.3392084	38430.7039468	314.769474536	11335.2252258	2879.57450674	38578.4333227	49.2642327082	27.9293578561	2864.7715509	8.1694136523	1.68012854306	703.603258495	199.86418668	698.363707034	282.703962044	47.248895552	12695.1889616	83.3172001513	28.2482617778	2357.37306454	544.70745133	2402.6426095	1595.09580285	729.411328896	45705.4068668	30443.2177816	535.185684389	15155.1435717	1847.62358093	26412.0626928
Carbon dioxide (CO2) IPCC categories 1 to 4 and 6 to 7 (excl land use, land use change and forestry)	100618.921884	76050.6454597	1554714.76255	148367.096702	49080.3793838	542098.983302	396498.125983	934132.029694	196360.436059	31049.4173719	2920954.14149	131354.745549	97917.0230645	1177268.50268	316256.219624	1219693.78005	79364.3615555	92566.5032102	2026229.87232	284353.449512	53916.3212552	360581.163013	302244.851177	1013640.44827	4153.33885455	4756.41843287	90413.0057389	6290.5992221	2545.88737647	50878.6450714	26010.1009625	44350.7309198	14925.6256592	4629.75624175	228458.473709	43913.7985408	3793.10333161	76627.1108135	24997.7614755	95435.8451093	64193.9946211	25885.9775535	1092025.85526	222267.034199	11786.1925045	354895.657384	103759.09229	501232.189495
Methane (CH4) IPCC categories 1 to 4 and 6 to 7 (excl land use, land use change and forestry)	9714.65506781	2553.7576303	20747.6535218	560.178299215	249.209434243	5774.08322855	1214.67038745	18657.953964	19170.943172	1357.0595942	32334.329111	221.612543315	171.848026629	14389.0437217	1551.52020197	29185.9455898	10411.4315982	3791.28182705	32573.0803213	438.70441523	386.519754648	5207.59835591	973.742188913	21226.491897	780.249857012	545.593610003	1770.98137494	10.9635995169	19.6738879029	874.009808455	173.796237747	1771.12084368	8122.08984947	723.0098049	7698.4030684	350.768616187	171.213489688	3369.07274155	707.531773499	10878.9529718	8194.37548322	1322.9057349	14831.1787558	320.976430841	104.245092292	4407.38239385	390.166671693	10601.5224011
Nitrous Oxide (N2O) IPCC categories 1 to 4 and 6 to 7 (excl land use, land use change and forestry)	3.13407770737	1.00788235608	24.568163394	2.10211069075	0.410830008591	10.0800778112	8.32767203047	17.4741127635	5.0151123043	0.582828692805	36.9475981506	1.25828333298	0.221948086759	17.3677551628	6.24528670991	17.0729946606	4.61689060268	1.29624104767	58.9139143329	4.50218606722	1.23019928989	10.2270782216	17.4334045196	29.4968236032	0.159139182936	0.0747056430378	1.80235489289	0.0341888443939	0.00538182640903	1.28418610795	1.23085452613	1.22313751346	0.56472751889	0.0551477932791	4.74844197158	0.348112623005	0.0775123099576	2.26569173271	0.740544652397	2.14446602858	1.84547933393	0.307023944282	16.0223710171	1.54164287512	0.111530656354	5.70139775621	2.98299026041	7.44713277544
Carbon dioxide (CO2) CO2EQ IPCC categories 1 to 4 and 6 to 7 (excl land use, land use change and forestry)	100618.921884	76050.6454597	1554714.76255	148367.096702	49080.3793838	542098.983302	396498.125983	934132.029694	196360.436059	31049.4173719	2920954.14149	131354.745549	97917.0230645	1177268.50268	316256.219624	1219693.78005	79364.3615555	92566.5032102	2026229.87232	284353.449512	53916.3212552	360581.163013	302244.851177	1013640.44827	4153.33885455	4756.41843287	90413.0057389	6290.5992221	2545.88737647	50878.6450714	26010.1009625	44350.7309198	14925.6256592	4629.75624175	228458.473709	43913.7985408	3793.10333161	76627.1108135	24997.7614755	95435.8451093	64193.9946211	25885.9775535	1092025.85526	222267.034199	11786.1925045	354895.657384	103759.09229	501232.189495
Methane (CH4) CO2EQ IPCC categories 1 to 4 and 6 to 7 (excl land use, land use change and forestry)	229768.607162	63790.7326127	507482.589704	13886.7610888	6191.33027414	141727.792507	29861.9857486	463241.510974	454961.518272	33877.1935594	791084.88071	5470.6364671	4255.05789896	351752.333644	37942.6498433	723799.986334	248315.139041	94670.6232224	793293.631724	10861.9947592	9614.1366627	127094.593829	23828.2823062	525030.770007	18496.2655047	13623.4367581	43243.8119849	271.925031171	491.037264826	21322.913318	4253.06749822	43720.9825529	192561.047931	18031.5367812	186829.288962	8544.63898213	4144.86057859	81546.2995766	17216.9743727	268078.604852	197351.733521	33040.2709869	362804.654698	7937.59760384	2552.44765276	107736.271313	9560.48075559	262445.918598
Nitrous Oxide (N2O) CO2EQ IPCC categories 1 to 4 and 6 to 7 (excl land use, land use change and forestry)	157059.367991	934.590028489	140929.592923	2029.36997388	586.18187921	34285.378617	8498.55160301	43438.7560661	291294.270933	761.294793918	216908.68125	1205.51965331	556.562309673	100222.803058	11937.7294942	74803.7010693	144065.992295	1714.43548313	268274.192082	2600.58965724	948.977254205	39944.4209274	11337.2017524	75917.8602618	12086.3960504	217.791906267	12823.3126295	35.9945601107	11.2581826061	6668.48362874	1461.50891848	7004.39436494	125223.372607	537.437470646	68534.0256671	2780.68851848	1637.98049854	32626.9621661	5838.81628615	47070.066634	90041.1832736	477.371970477	99834.4517916	1494.22252942	673.097617796	30882.6158434	3197.66865561	33117.5714181
Carbon dioxide (CO2) Fuel combustion and cement	95896.3133376	75822.2834024	1516375.3913	148015.58096	48960.7332008	534443.927255	395030.431435	920111.636872	182355.38742	30872.6678726	2843557.08272	131067.482965	97750.9100683	1151746.15368	313588.801493	1192493.67148	70767.1464554	92221.9280789	1971153.05466	284143.599733	53810.2904965	354103.6125	301011.27223	1000830.28854	3570.75077797	4729.99722578	88166.0460883	6286.76594086	2544.44268605	50138.5861588	25850.0820997	43549.7783309	14501.9840105	4567.25583408	222221.139541	43849.4536539	3764.55494099	75290.236199	24715.5217875	94017.5334928	62110.9689394	25731.8213261	1067226.57116	222136.043975	11738.4716586	350569.894176	103335.621279	497092.187122
Carbon dioxide (CO2) Fuel combustion	93460.3893284	75176.2452073	1398869.32446	147061.671344	48624.6200359	513516.507048	390627.796337	895715.041484	170811.902491	30033.227391	2461364.75288	129697.327271	96956.3762866	1032399.57342	301364.077552	1091661.23371	69755.4545679	91328.1532978	1829509.95091	283646.503389	53539.0294947	339410.441519	297808.227493	971804.76803	3457.93627322	4652.47320539	80113.2422019	6274.77327511	2539.7178391	48184.7108484	25336.31994	41509.722621	13528.6890017	4205.73927781	191676.588245	43525.148965	3625.05394405	68621.5436445	23332.8957487	87006.9833723	59745.9394769	24779.6043075	944823.142426	221436.57353	11510.1621997	329053.750377	101228.896324	478289.489041
GHG emissions (GWP100) | Problem oriented approach: baseline (CML, 1999) | GWP100 (IPCC, 2007)	499427388462	150053700218	2.30821612151e+12	166185029160	56713140317.1	742166022128	439440822738	1.50582673554e+12	948860166676	67499963717.1	4.05432347188e+12	138687865824	103049702553	1.67111844331e+12	370484191238	2.0734356608e+12	479291290091	200945980943	3.21978199905e+12	299258297062	65734931933.2	549830763844	342917941172	1.87734286829e+12	34839942883.1	18716221317.7	149443082096	6606484892.44	3053203594.06	80396642527	32059605279.3	101388099081	333144855041	23361119355.5	490347014528	55318625352.3	9609496512.6	192182508687	48352764814.3	412832522397	352841137534	60179451660.6	1.59212892671e+12	231889256402	15076436665.8	498931553778	117119431069	809604653190
GHG emissions (GWP100min) | Problem oriented approach: non baseline (CML, 1999) | net GWP100 min(Houghton et al., 2001)	484838815415	145956323112	2.31955028698e+12	167345046912	56861138794.1	745885598581	456124093225	1.49187523579e+12	919274545089	65632342590.9	4.08335208109e+12	139828884637	103201883886	1.68084241867e+12	383643115457	2.05101756749e+12	463434500824	195125860051	3.2213418197e+12	301450049979	65475824598	549457731934	353444573043	1.86022752424e+12	33519473281.1	17697874859.2	148880593133	6631043133.91	3022365306.16	79948710534.9	32571794802.3	99124786750	317767606260	22059077480.1	484202491042	55186110779.1	9385335666.46	188229449691	47888644032.9	394185635103	339178777336	58094527206.5	1.59610336105e+12	233351920379	15024719168.2	498652526415	120468354363	799076883183
GHG emissions (GWP100max) | Problem oriented approach: non baseline (CML, 1999) | net GWP100 max(Houghton et al., 2001)	487717991996	146350414153	2.37021370185e+12	168467091461	57136288881.4	756382747933	460273029135	1.50619890321e+12	925489805131	66535276269	4.17854845538e+12	140386236077	103459558488	1.71589331914e+12	388560278168	2.08407335934e+12	467323961911	196411532246	3.27894003726e+12	302214781444	65705073472.1	556915324015	359951459721	1.87746987583e+12	33690135065.8	17740703143.1	151795270936	6640751483.19	3024954253.4	80983429582.7	32956941906.8	100140317169	318428547388	22178672219.7	492537263440	55333494384.3	9429884711.39	190469832544	48391610627.1	396827291753	340380223091	58532264643.6	1.62672746066e+12	233647197699	15085683453.3	503758261665	121556015898	805145164739
GHG emissions (GWP20) | Problem oriented approach: non baseline (CML, 1999) | GWP20 (IPCC, 2007)	926123154728	269510298545	3.25409948828e+12	192148550437	68296493944.2	1.00657757934e+12	495142516144	2.37259011005e+12	1.79517917112e+12	131053974908	5.53226084163e+12	148920848544	111022804327	2.3283484736e+12	441344692296	3.43041475272e+12	941607159826	378596372354	4.70031588257e+12	319564727867	83751832714.6	787083900585	387245335532	2.85679696853e+12	69245748167.8	44320190476.5	230277935327	7116470408.56	3975941662.12	120260196277	40005318850.2	183345926529	691346284084	57228482221.3	839253581262	71291974042.4	17349510882.7	344434791743	80529447270	915227680693	721087272596	122234928779	2.27017961439e+12	246757987514	19851892675	700365535015	134975179868	1.30145269018e+12
GHG emissions (GWP500) | Problem oriented approach: non baseline (CML, 1999) | GWP500 (IPCC, 2007)	263851989198	105831246661	1.89190419876e+12	155644756648	52172900445.9	628234305519	414758749953	1.16631473776e+12	490750650093	43709056687.4	3.4018373708e+12	134312682546	99829976692.7	1.37888785587e+12	338397192955	1.53527705921e+12	236586844421	134586782892	2.54045603321e+12	290472713616	58618912158.8	442540288117	320965454533	1.48270301587e+12	16087258029.4	9128766018.31	113194136519	6399808882.51	2705994813.37	62331065755.7	28393499873.6	67573304308.2	138232878068	10569011450.2	327280178970	48026169539	5931399787.73	119626921674	33545744317.1	203570008177	171742893029	37008732104.6	1.29231800811e+12	225646124677	12975871082	409131355890	108930767740	611573785742
ozone layer depletion (ODP steady state) | Problem oriented approach: baseline (CML, 1999) | ODP steady state (WMO, 2003)	5620.95169031	7178.08766181	91820.1610225	2378.65839478	834.691545786	23581.4122896	7625.98230756	42486.2628425	7615.42174272	2230.64061352	100684.861884	866.033594962	378.590427897	42412.8489292	7680.9682883	54003.1200597	5592.60871461	11013.2873634	164849.258419	2817.62502832	1334.29303345	23891.1325477	8850.52755834	57978.6607452	316.244275742	376.116199269	5407.84212648	24.9278433957	15.7006861665	2730.03863155	760.736835821	3272.32721391	1224.24657973	875.754953773	16756.4154033	467.901245856	116.299271694	5768.65781159	1099.60258432	6991.19481694	2743.07377289	2330.59708734	48660.6601861	976.732404835	161.37665863	11485.1318168	2209.81074567	16966.1761165
human toxicity (HTP inf) | Problem oriented approach: baseline (CML, 1999) | HTP inf. (Huijbregts, 1999 & 2000)	454333378739	92666808522.8	1.76145412498e+13	224615234942	96647897626.7	3.95948977293e+12	5.36103604523e+12	5.76526569206e+12	1.16463492582e+12	87556153916.9	3.57090321508e+13	146832682956	82457910331.5	1.21753835051e+13	4.61563509817e+12	1.0831146856e+13	196325677750	182203299065	2.50499762336e+13	111673854832	53514037698.7	2.82943260969e+12	1.94933119212e+12	6.14820059919e+12	12195238379.9	9107348480.24	892722383887	1370461578.13	552158616.864	217980922162	119438673015	236435286555	111030071487	34043484415.5	4.96391757369e+12	43499094240.7	18391202315.6	930103821678	292658597348	1.03978253388e+12	183238315892	66602390751.6	1.40606572159e+13	69095889774.2	24325426859.6	2.27895497656e+12	887219330263	2.2768839163e+12
Freshwater aquatic ecotoxicity (FAETP inf) | Problem oriented approach: baseline (CML, 1999) | FAETP inf. (Huijbregts, 1999 & 2000)	463645959.736	113033590.408	14752098212.2	230012451.613	91228163.6206	3539222761.25	4978637733.6	5405166876.99	994080432.927	81355547.9063	26267976575.1	141743261.034	64730056.2566	9577595927.22	4119560536.57	9223248146.43	232079034.001	146539944.632	17842532079.5	148502334.453	44987000.5493	2109994915.52	1737384451.94	4954751798.75	14959160.6665	8285255.18738	708899701.935	1266132.10416	475329.715168	198779570.77	108011547.991	208043700.8	89891560.6073	25190863.5953	3419368266.45	45916768.484	14446156.8484	690531094.501	228711516.37	841696553.07	188795384.467	57623547.0913	10160988584.9	144775875.284	21892725.5252	1829771970.06	807634697.903	1987895455.35
Marine aquatic ecotoxicity (MAETP inf) | Problem oriented approach: baseline (CML, 1999) | MAETP inf. (Huijbregts, 1999 & 2000)	1.30091663734e+12	1.15006299616e+12	4.23227032702e+13	935505661731	384351759758	1.21852133866e+13	2.11110498259e+13	2.1084558986e+13	2.25180329374e+12	445132045977	5.75829787619e+13	460862830245	171999998138	2.30459746991e+13	1.62122437897e+13	2.377457836e+13	497705728443	469731416634	4.62797352879e+13	924365041108	225641464391	5.94320862942e+12	6.91644380417e+12	1.52405264906e+13	28882684390.2	22446842683.3	1.68928796636e+12	3556348880.12	1253608114.99	555409695868	383037871959	545621546023	228551151380	72887389720.1	9.22444702493e+12	173043722004	41472202001	1.84750779051e+12	742732661879	2.18477021117e+12	483478569435	226762390720	2.57532926312e+13	760959837364	80037615104.3	5.49340598946e+12	3.26804396107e+12	6.59571545348e+12
Freshwater sedimental ecotoxicity (FSETP inf) | Problem oriented approach: non baseline (CML, 1999) | FSETP inf. (Huijbregts, 1999 & 2000)	1013519934.09	213264922.108	29559036354.1	509261379.784	202951332.906	7609349497.75	12258716857.7	12044673058	1903799144.95	147371694.194	45372093828.4	281648466.733	119306920.629	17860651949.4	9709849493.92	18040327387.1	491340722.128	242297900.8	30058137186.8	301121401.44	78243908.668	3736255088.66	4048136261.25	9420974851.34	32451011.6175	15919884.1993	1311994626.3	2516212.71221	900486.20146	398100506.755	242959287.521	414949439.264	163561720.997	41759883.6061	5631989195.77	91672648.0333	25890668.8665	1212405942.37	452831560.077	1579299389.48	390948108.767	103454994.675	17435266348.6	334697561.081	43594686.8793	3490175560.2	1918080917.53	4023747149.91
Marine sedimental ecotoxicity (MSETP inf) | Problem oriented approach: non baseline (CML, 1999) | MSETP inf. (Huijbregts, 1999 & 2000)	1.21841481139e+12	655977854296	3.93111712564e+13	817391803533	332207424520	1.10992097152e+13	2.05691112438e+13	1.86343894086e+13	2.11924857731e+12	297799262196	5.37034915603e+13	432292461671	157646297185	2.15629884348e+13	1.57892023823e+13	2.2562966213e+13	472530013315	409886882583	4.38894182653e+13	698765786227	159684891150	5.60643402988e+12	6.7358293456e+12	1.4451626105e+13	27075624081	20343035484.4	1.58404931058e+12	3150178379.57	1152752300.83	474761433861	368453840508	500479977327	218784104241	67205633852.3	8.83103084374e+12	160720137657	38992932852.7	1.76721255287e+12	718785219552	2.09433709254e+12	457784409085	185127488714	2.43198041887e+13	710941095726	71767493588.2	5.18587694496e+12	3.19032244888e+12	6.19110303783e+12
Terrestrial ecotoxicity (TETP inf) | Problem oriented approach: baseline (CML, 1999) | TETP inf.(Huijbregts, 1999 & 2000)	3689368015.18	800134628.11	141236461470	1834506551.21	776820696.66	32158636684.3	40932354696.8	45672239747.1	5645002358.16	465200736.904	161616648860	736396628.56	427310010.039	58444521911.8	31696058166.3	53886848218.3	1427910260.05	1355703555.64	179107731087	877633284.605	398116748.36	20756807968.7	14579964104.5	45010931925.8	87894350.7492	66209492.4875	6328345971.23	10058860.9037	3890352.87139	1659532078.37	888632230.27	1752694718.65	868743247.953	270930924.764	38347215098.3	343307539.64	147057125.111	7176841454.71	2267177433.81	8155938586.37	1243102326.69	458763668.38	91004412553.8	485038639.22	177518026.11	15695605814.3	6544945897.69	16020135184.8
human toxicity (HTP20) | Problem oriented approach: non baseline (CML, 1999) | HTP 20 (Huijbregts, 1999 & 2000)	179605536218	44989705832.3	5.02231913258e+12	112850948884	56201493823	1.78597959837e+12	4.89819606525e+12	3.19683411357e+12	202482079571	16827763383.8	3.5385610187e+12	30428830921.4	15333142934.2	2.16546377655e+12	3.57701936998e+12	2.28577778446e+12	44806001429.8	37294302377.2	3.85885827047e+12	28131316512.4	11285227021.7	593411216274	1.4863288072e+12	1.75570284003e+12	2440164649.69	2043645703.42	139095251324	281492401.959	116490707.095	44977280171.8	72951651642.2	57327185547.5	20733640311.7	5837427709.19	791258491660	8659508935.78	3316905293.64	167580336487	116331248785	200300033648	48853675127	15060946104.9	2.06470113656e+12	24333491550.2	7498143706.51	618567853198	715100094932	805912770712
Freshwater aquatic ecotoxicity (FAETP20) | Problem oriented approach: non baseline (CML, 1999) | FAETP 20 (Huijbregts, 1999 & 2000)	134415740.31	18273585.8696	3323257813.89	41164437.6094	14429684.5696	687236910.226	379448193.713	962920676.506	280995425.722	16087021.1411	6205718022.48	26051209.8258	13812824.6189	2282046229.85	398341077.425	2193714379.43	88229940.7034	18633758.0142	2875056633.22	18173636.6991	6878625.95128	328186831.569	147261331.309	757926414.858	6420858.7048	1941551.52018	169557016.194	326866.17936	107891.153045	55655120.7122	15393911.4418	52824470.8929	19100479.5748	3363091.28886	448284215.859	6728748.3761	2283687.8421	112656962.32	27596864.4013	173784049.572	55530734.1314	8468885.48764	1838622142.04	14503493.6972	3467503.25593	305859482.257	67545608.6603	320617484.202
Marine aquatic ecotoxicity (MAETP20) | Problem oriented approach: non baseline (CML, 1999) | MAETP 20 (Huijbregts, 1999 & 2000)	4596546084.26	787329017.237	135427723598	2107305978.05	837218234.514	33140390982.1	45981948719.6	51235213139.9	9235094240.62	636316895.994	226298378225	1161735177.2	562008620.254	87967284918.1	37657715494.1	86250607970.2	2279851433.93	971374300.455	129309530913	941413196.592	316045935.441	15737592794.6	15327701009	38805653892.4	161361313.654	76160035.3927	6415955789.41	12302281.2543	4286667.79238	2023236198.99	1008848585.91	2041403659.27	698549352.951	169060504.849	22843496188.9	330368140.841	109298236.249	5220054223.62	1802083306.68	7256030269.84	1753740592.98	412210306.192	77986737200.6	877070380.694	173496746.657	14826243523	7257886908.83	16632006607.7
Freshwater sedimental ecotoxicity (FSETP20) | Problem oriented approach: non baseline (CML, 1999) | FSETP 20 (Huijbregts, 1999 & 2000)	402620238.692	45985503.5095	10451388056	124900424.409	43083117.5272	2122059729.98	1020088679.24	2924689538.27	858345497.339	47408688.3457	19656047790.6	80602260.1342	43293247.9709	7203803262.52	1131263325.87	6918342630.49	256362629.145	56097614.811	8931024052.65	49867733.2622	19926366.2323	1010576371.84	409353857.735	2322284814.55	18985851.9648	6101103.68696	536610348.972	1030261.5178	339193.996678	175441010.282	46257921.5631	166426588.369	56859692.1626	10306488.1095	1380580979.3	20378757.9443	7027760.65745	350390229.99	82853478.8863	546274072.018	163540456.843	25315844.0754	5752713357.57	41019741.4006	10487787.9015	942754276.477	186719125.508	979934736.525
Marine sedimental ecotoxicity (MSETP20) | Problem oriented approach: non baseline (CML, 1999) | MSETP 20 (Huijbregts, 1999 & 2000)	11376648435.1	1669520808.63	343090493080	4790864599.87	1819747077.42	77891379503	82227466897.9	115521020849	24130556906.8	1559126545.35	607473338393	2805788419.78	1430128114.5	230034947843	71487184749.5	223229001684	5834372192.86	2193703482.62	313539659014	1962650867.29	724401669.279	37004416047.7	28343489474.7	88962107161	432888010.412	195642227.905	16864544595.5	32221168.3264	10974910.8438	5374173498.03	2129316331.31	5286797598.33	1682307386.7	391723407.321	52901623222.7	752739461.443	257003254.591	12567437022.5	3813114928.14	18295259669.6	4328213470.62	946181021.778	194810747955	1738087994.9	395689797.559	34803946324.4	13330198091.2	37913050649.9
Terrestrial ecotoxicity (TETP20) | Problem oriented approach: non baseline (CML, 1999) | TETP 20 (Huijbregts, 1999 & 2000)	18516217.0613	6032123.73873	579781687.335	11176508.3313	5371762.29437	178427475.013	420063473.709	310723778.888	36395051.7932	3307830.61539	940180568.916	4925930.65244	2642771.8814	387381351.741	323065009.362	368129872.073	6225889.90794	5488901.53254	658737177.994	5218351.44945	1834732.29635	85189645.9746	132844307.896	218536596.282	437407.190803	358348.028081	28746305.2261	56789.8839	20346.6122242	8822147.87536	7306459.35842	9771011.98736	3095168.43808	971381.300061	129200553.69	1368117.03901	532395.102053	25931220.5067	12503987.4817	30613603.7291	6454317.30936	2241982.63998	379360119.166	2981495.84695	942972.279519	81392800.2953	63334685.3719	94643233.8673
human toxicity (HTP100) | Problem oriented approach: non baseline (CML, 1999) | HTP 100 (Huijbregts, 1999 & 2000)	179664244227	45003898761	5.02517545588e+12	112880040367	56212469696.9	1.78650216543e+12	4.89833239903e+12	3.19743865079e+12	202555150438	16834850285.2	3.54090334514e+12	30437929136	15338583821.7	2.16620441019e+12	3.57712866143e+12	2.28643314755e+12	44830651992.9	37315455870.4	3.86213614819e+12	28146934951.6	11292367188.8	593773587081	1.48641389488e+12	1.75641424995e+12	2441803224.01	2044902772.47	139217440351	281703942.114	116562107.787	45012480012	72960241730.6	57360321344.3	20748865047.9	5842216974.55	791899946031	8666238794.93	3319791698.65	167699808664	116360416223	200439601701	48872171246.8	15068097306	2.06620022525e+12	24341047868	7500941248.15	618806470515	715129282668	806129605765
Freshwater aquatic ecotoxicity (FAETP100) | Problem oriented approach: non baseline (CML, 1999) | FAETP 100 (Huijbregts, 1999 & 2000)	157453361.608	33104820.3932	4101550568.28	56369869.3788	20725084.7264	901155674.624	727325093.623	1322517624.71	325459699.912	22588336.9354	7402706280.91	33524831.0306	17087800.8591	2762408619.59	671930259.64	2672020901.7	96418297.6031	25644035.9912	3634875510.65	29433395.584	10049081.3661	424740665.391	260567696.797	1005049903.87	6983556.39248	2382876.38898	203989586.86	398200.127393	132417.886364	67297388.2816	22194269.7421	64216839.146	22646538.2429	4457498.0085	587946683.769	9086401.23286	2953420.55992	143215568.045	39562755.5349	213828597.936	63654247.8915	11785303.5795	2286018299.84	22751073.4969	4687876.74238	398146708.725	121382921.122	429355019.211
Marine aquatic ecotoxicity (MAETP100) | Problem oriented approach: non baseline (CML, 1999) | MAETP 100 (Huijbregts, 1999 & 2000)	14436587435.8	3292890215.92	419182606318	8210169391.51	3542250009.16	121852065708	251986254645	203897043581	25364436420.6	2083657954.81	594854023858	3973719173.51	1723494521.71	250930791942	193222590156	252582151642	6126544265.05	3832051374.32	444600497711	4041278317.25	1197334656.81	57699567285.2	80975157391.8	149400848580	377337820.285	227229595.674	18002466604.4	34786650.1989	12924162.0867	5486530657.94	4493651278.87	5973320661.88	2345972754.89	638914783.811	86499504711.8	1257400055.65	400947735.207	18284614153.5	7986422250.23	22870455743	5427306912.61	1565580181.74	250415736195	3970764325.56	668854606.99	54547762104.9	38635397401	64655690142
Freshwater sedimental ecotoxicity (FSETP100) | Problem oriented approach: non baseline (CML, 1999) | FSETP 100 (Huijbregts, 1999 & 2000)	465704077.89	70882527.1592	12657829601.1	163704678.503	58769127.8828	2695982280.95	1905433306.87	3850490952.35	985655928.538	61123877.5068	23181730985.8	101116859.277	52490104.3661	8597422833.64	1838375025.42	8305858840.89	278373999.543	73787795.0166	11053347785	73396275.378	26669100.9526	1274810218.32	700112827.146	2992772442.34	20577125.4032	7343207.74341	637289867.712	1230935.98892	408705.197014	207963859.252	64320792.0016	198992808.882	66547080.466	13227577.9904	1764680530.41	26593524.8319	8856546.7038	436057185.252	114784731.665	661763989.106	185501440.753	33281582.6931	7019676790.88	61609996.8096	13640916.7226	1195200867.32	324840221.424	1271966377.6
Marine sedimental ecotoxicity (MSETP100) | Problem oriented approach: non baseline (CML, 1999) | MSETP 100 (Huijbregts, 1999 & 2000)	23192921156	4457640413.46	692657917850	11986106596.6	4994623142.7	184076451112	319756541193	295904821798	43860692390.6	3256202245.15	1.07110197394e+12	6133938501.84	2849407245.37	431357866457	251575182401	426815774257	10418836120.7	5619681925.76	700568084623	5455380208.87	1764768583.63	87852941186.9	104322398814	221253555526	696762446.836	381664237.475	31427821035.2	60177070.6363	21624062.1841	9711920785.97	6216042974.01	10154991987.4	3679194818.28	963861509.552	130702271316	1842252672.58	611349579.327	28584533942.4	11138438626.1	37629687945	8700896743.01	2312076250.84	407377076990	5152107483.32	981986584.764	82500457337.8	49591232300.3	94916188681.2
Terrestrial ecotoxicity (TETP100) | Problem oriented approach: non baseline (CML, 1999) | TETP 100 (Huijbregts, 1999 & 2000)	86767811.0217	27977518.9679	2719833168.87	52666836.7119	25402028.8728	841374075.653	2001728218.78	1466748419.64	168978606.919	15324946.603	4360709950.38	23021509.4682	12343938.6405	1801451305.03	1536687893.41	1711596696.75	28874629.9315	26065026.7517	3121680684.32	24495430.9167	8625255.04767	404029658.437	632974077.511	1035710239.08	2007617.97481	1674328.41506	134356685.824	264475.27851	95196.2634911	40981734.6104	34641925.5259	45642425.4876	14667428.7586	4625084.64672	616449183.897	6466433.49021	2526311.90849	122964671.217	59549163.3889	144008770.813	30198627.8448	10572131.068	1787687307.88	14082633.2342	4455589.52003	384638183.207	301702956.364	447384011.661
human toxicity (HTP500) | Problem oriented approach: non baseline (CML, 1999) | HTP 500 (Huijbregts, 1999 & 2000)	179725125888	45020698452.7	5.02781518638e+12	112908336190	56222901934.2	1.78700948316e+12	4.89855376649e+12	3.19804965763e+12	202634984403	16842775948.4	3.54342188492e+12	30448198677.4	15344749695.1	2.16701934081e+12	3.57730826646e+12	2.28715353839e+12	44852431161.6	37336585998.6	3.86499585272e+12	28161734814.8	11299008841.1	594090709496	1.48651624141e+12	1.75704895617e+12	2443128822.38	2045865512.44	139316597796	281853818.849	116619380.233	45037390473.8	72968278592.6	57385094050.2	20762749385.4	5846548356.35	792519824087	8671758370.11	3322145211.97	167814083053	116389315227	200568107379	48890178872.5	15075207849.4	2.0676586911e+12	24347988317.4	7503440596.68	619029379054	715169823759	806338789136
Freshwater aquatic ecotoxicity (FAETP500) | Problem oriented approach: non baseline (CML, 1999) | FAETP 500 (Huijbregts, 1999 & 2000)	215177635.742	53538124.4024	5766571224.62	94213980.3082	37019418.5918	1424975698.48	1931302454.91	2234662462.44	423548165.309	33212798.2223	9671594613.37	52534887.3056	24202851.3518	3745718834.54	1584167663.14	3699226514.82	119394860.144	43314045.6865	5508531941.13	54467954.1952	16018006.5598	674901273.094	645456696.256	1675117665.25	8253271.92282	3286489.11557	271475048.674	533447.387358	183770.509616	87594611.4469	42533323.4012	87064499.0664	32374789.366	7280072.90928	963795909.812	15579110.1512	4684097.17658	219903598.877	75817776.4052	304615810.934	85885028.2095	19381980.2441	3321957856.06	49443974.4586	7855830.23592	638540220.616	305500847.518	723786145.342
Marine aquatic ecotoxicity (MAETP500) | Problem oriented approach: non baseline (CML, 1999) | MAETP 500 (Huijbregts, 1999 & 2000)	64633436500.9	16386479480.1	1.83498270298e+12	39506575134.8	17538957126.8	574386096624	1.33682681471e+12	988830558355	105501933886	9390756297.39	2.37485091564e+12	18139069477.1	7505002733.25	1.05019806688e+12	1.00909004078e+12	1.07070685871e+12	26028877351.6	18655039654.9	2.05503964153e+12	20132328751.1	5752857703.16	273326448007	426189678350	718697106131	1461185421.38	975266612.02	74881748917	144968448.743	55819516.7653	22311913706.4	22587397529.7	25376325170.4	10879986847	3069679398.6	416119735514	6011052063.38	1901548552.07	85120356938.7	40236691539.7	101349443942	24332934481	7499873151.93	1.12057296789e+12	19927991193.9	3216506997.51	257895455862	203638910938	311450989910
Freshwater sedimental ecotoxicity (FSETP500) | Problem oriented approach: non baseline (CML, 1999) | FSETP 500 (Huijbregts, 1999 & 2000)	611304794.878	113973927.851	16862495498.6	257925106.335	99242348.9814	4010657813.93	4946454674.82	6125587811.2	1233632914.74	85576063.0796	28924308401.8	149162422.272	70402366.6072	11081666840.5	4143330959.8	10906463706.6	336482719.547	117905934.764	15815554757.5	133394660.089	40730763.6027	1908881830.04	1673007546.03	4689755548.07	23782261.9179	9613241.77259	808276733.473	1569370.09387	538114.405397	258354876.238	115685568.714	256498173.619	91283291.3606	20366158.774	2722308104.72	43011267.7028	13242914.2944	631187906.463	206727796.639	892751049.325	241696352.609	51946916.5821	9649619127.24	129169046.697	21582060.0246	1803499070.73	790242339.117	2015376549.62
Marine sedimental ecotoxicity (MSETP500) | Problem oriented approach: non baseline (CML, 1999) | MSETP 500 (Huijbregts, 1999 & 2000)	73173830397.3	16713521597.2	2.10838877616e+12	42964480543.9	18831712026.3	633781655562	1.39372144992e+12	1.07306278432e+12	123729254482	10317497718.2	2.85218074779e+12	20214192895	8607631849.64	1.22810394508e+12	1.05956212083e+12	1.24187362212e+12	30254830301.1	20389268049.5	2.31777899684e+12	21169710512.1	6224155786.05	303685154329	446422350247	789365707065	1777415425.95	1127026013.59	88451378280	169966456.777	64429684.5676	26443165799.5	24159946434.7	29498547287.4	12238956756.4	3402783790.48	462265534287	6584953960.84	2114584683.43	95694879619.4	43282446330	116394383026	27523612079.3	8184534999.6	1.28028128594e+12	20983646693.5	3514286261.78	285359216422	213040092233	340467731396
Terrestrial ecotoxicity (TETP500) | Problem oriented approach: non baseline (CML, 1999) | TETP 500 (Huijbregts, 1999 & 2000) TETP 500	360812648.712	110153828.678	11492141327.5	215888976.114	103410532.18	3474353263.33	8036847878.71	5977472589.7	687379549.551	61142792.258	17823001120.6	93611492.6542	50368575.9209	7316013912.15	6166372298.66	6944868951.53	121148702.674	110076544.205	13321851288.9	99286703.3464	35677753.9322	1707548257.69	2552669828.24	4319297554.21	8303849.50941	6891254.36788	560672032.63	1083592.19526	392991.607279	168472319.694	140065893.392	187528103.507	62861594.3516	19789970.3055	2658039736.34	27389272.0673	10801750.9316	526121234.855	246498889.716	613367683.434	125051769.67	43804348.5447	7530323533.78	57895068.6759	18424719.1499	1594753290.73	1213762277.83	1839404589.53
photochemical oxidation (high NOx) | Problem oriented approach: baseline (CML, 1999) | POCP (Jenkin & Hayman, 1999; Derwent et al. 1998; high NOx)	140494919.789	73823249.4606	1683197423.68	41074909.3605	12828155.7933	400417932.787	195899365.556	702648738.863	271776581.309	44785664.5139	2795939828.74	20945028.1856	9026125.37449	1081739132.91	199393958.447	1205786231.1	154428389.535	121658036.513	2549348195.68	52019512.004	18550599.7934	353305149.159	184417554.552	883466902.758	9250949.80689	6733183.62638	110309108.24	455782.74369	282609.952697	46004230.6294	14034646.7059	54031741.9043	66384753.3791	14334520.5633	369763297.417	12566958.6799	3333702.13375	111863618.184	24506271.4789	177731505.527	87543323.9933	34126317.3068	1086578448.11	40161572.1757	3935228.81612	234106430.17	47154367.2275	330900699.515
photochemical oxidation (low NOx) | Problem oriented approach: non baseline (CML, 1999) | POCP (Andersson-Skld et al. 1992; low NOx)	121918741.624	25743225.9539	1155363422.55	26329184.0877	7236574.22172	249626768.944	91340074.2118	416180971.618	251694425.953	27544287.7585	2125431252.52	12678807.0178	6344908.26816	799508662.81	108967196.172	863779833.139	147317460.687	52221218.4012	1374086568.15	18335987.8322	7276935.7492	184738327.9	136809652.6	491855647.487	8592190.03449	4671127.97045	70401823.4152	270305.994289	189269.378905	26664796.6858	8893800.98941	32552483.4973	67135915.9861	7440725.09098	219007648.882	5340171.01898	2051541.86069	67640620.9326	14880084.7085	127895142.348	79287400.4681	18006024.6202	714067295.501	8128073.71117	1933971.04512	132280860.962	24430165.311	194850488.317
photochemical oxidation (MIR; very high NOx) | Problem oriented approach: non baseline (CML, 1999) | MIR 1997; very high NOx (Carter, 1994, 1997, 1998;Carter, Pierce, Luo &  Malkina, 1995 )	59796389.7933	13359245.547	486504533.324	11198238.1674	3191813.54184	106653641.618	37969405.0006	188707981.174	122515923.258	12643820.3943	888144575.283	5334113.35753	2742206.08642	336687577.139	45408125.6613	380254332.599	70846110.9487	25432677.2752	587712721.582	7855770.88132	3372252.85949	79995871.6639	55867618.5907	221943735.955	4324696.75802	2522376.15257	30236432.3414	121174.799212	99277.5402736	11689418.5136	3761667.63568	15119600.5615	36097296.6951	3841803.80189	96570865.4231	2546211.07873	1019570.05205	30970470.7527	6778448.65331	64025829.9723	41187843.3962	8788342.85547	303041541.626	3632234.16945	896105.90538	58083685.4077	10230969.2007	90537599.4195
photochemical oxidation (MOIR; high NOx) | Problem oriented approach: non baseline (CML, 1999) | MOIR; high NOx (Carter, 1994, 1997, 1998;Carter, Pierce, Luo &  Malkina, 1995 )	106083270.429	23575725.2278	876714640.753	20157939.0674	5723248.74185	191892447.507	68520926.7062	337400800.768	217510495.723	22578152.529	1601851193.89	9613374.09585	4927697.95264	606728710.228	81922801.2628	681972977.973	125925424.704	45150021.329	1057296371.55	14129964.7748	6016066.9412	143721571.453	101021775.873	397022713.719	7653550.21886	4435572.40895	54371095.4989	216910.07326	175030.169098	20973841.9227	6775491.91468	26967066.1921	63500739.7806	6782954.02311	173166400.69	4529561.19039	1806522.11355	55318515.2436	12113768.4404	113366030.776	72679448.8205	15598468.7157	545634747.65	6504048.45609	1598667.47697	104199317.088	18448026.8687	161474939.762
photochemical oxidation (EBIR; low NOx) | Problem oriented approach: non baseline (CML, 1999) | EBIR; low NOx (Carter, 1994, 1997, 1998;Carter, Pierce, Luo &  Malkina, 1995 )	135981465.325	30255348.0012	1119966907.42	25757058.1511	7319155.51278	245219268.316	87505629.2065	431754791.354	278768457.352	28900062.7261	2045923481.53	12280430.7746	6298800.99584	775072498.797	104626864.093	872100144.272	161348480.178	57866359.9666	1351152732.34	18057850.2155	7702193.37094	183719507.285	128955585.168	507994581.696	9815898.59789	5696760.48523	69489311.6695	277497.472866	224668.939234	26818551.1794	8656325.73252	34526866.4729	81549388.1282	8703855.92406	221451833.401	5802666.72975	2316307.13958	70803750.6199	15502992.767	145378945.762	93273370.5186	19992640.1434	697155518.463	8320165.54082	2046720.42966	133241159.792	23563511.469	206743739.472
acidification (incl. fate, average Europe total, A&B) | Problem oriented approach: baseline (CML, 1999) | AP ( Huijbregts, 1999; average Europe total, A&B)	9469332058.19	282751864.406	17810170665.3	439639674.995	134003375.283	4657017753.76	4167584607.08	7227113254.79	13955588883.8	319091587.228	31832161274.8	340080685.86	115439447.596	12981261792.1	3748435413.61	11491903531.1	7565678831.66	428479563.573	29945138555.3	857270747.336	182335017.997	4237403422.16	2100479591.85	9045447689.7	445235063.309	24658350.7752	1460987887.26	7803211.49792	1876546.72879	562725203.098	192244428.652	560535382.542	3432516840.49	91186195.1965	5492489122.27	261332451.768	78722519.6176	1716068712.84	402410129.678	2242678363.8	8949962597.11	199070362.017	17240867265	981020636.187	97800834.6297	5232790655.85	1024047201.9	12406864325.1
acidification (fate not incl.) | Problem oriented approach: non baseline (CML, 1999) | AP (Hauschild & Wenzel (1998).	11121348093.4	298314025.127	19191879713.4	495475824.515	150499077.378	5098679423.87	4573572282.03	7837158508.81	16279143459.9	299773611.345	32791725647.2	374040125.608	126426848.069	13621383936.7	4086423678.02	11958302258.4	8909248220.8	447988854.387	31752578824.5	891615977.25	185608308.878	4560407582.31	2395172297.28	9775588848.69	522896646.883	26512311.3734	1535916596.97	9284328.75425	2136384.99205	601573851.613	216736309.458	604189529.432	4017719754.18	86333437.0674	5691066043.53	271559763.823	86326788.4629	1846508580.12	434059324.508	2402668705.29	10512889244.2	198682266.798	18386674353	958682848.874	105436751.323	5735626296.65	1149855209.47	14111024851.9
eutrophication (fate not incl.) | Problem oriented approach: baseline (CML, 1999) | EP (Heijungs et al. 1992))	2174810338.35	32051466.7853	2624187270.35	66659486.9944	20099942.0743	706181142.108	536698535.916	1030737041.54	3182215524.44	18150544.5813	3728469439.23	45645417.8849	16063150.8047	1668066428.16	484916196.485	1390176128.39	1766639444.8	47762813.9065	4199083858.56	88023038.6243	18229615.9006	629147737.497	327649035.52	1322905297.19	106581461.098	3476979.18875	199632306.088	1384259.69306	302160.691613	82817120.0059	30614749.3146	86070931.7055	848825714.441	6212719.37935	722391564.498	31839236.5537	13759655.8126	278857592.178	61253202.9636	365651743.134	2015267615.72	17817654.7935	2473211933.61	71557596.1895	14628512.434	846292240.032	155736273.667	2365446526.27
eutrophication (incl. fate, average Europe total, A&B) | Problem oriented approach: non baseline (CML, 1999) | EP ( Huijbregts, 1999; average Europe total, A&B)	24695517357.5	314372923.13	28441458205.6	658529670.49	199533651.509	7486204986.36	5142069856.16	10863397931.2	35401204548.7	181910651.379	39690529732.7	443232518.099	161839239.795	17695253735.9	4725380268.25	14682264055.3	19858057062.9	474978241.351	45538675512.6	837694107.17	181086759.15	6774914771.9	3161861617.76	14028162200.3	1162518065.64	36131841.1259	2187372075.89	13289201.476	3010255.21407	880314155.517	306513384.786	917372801.596	8991420883.14	63411024.9494	7703279132.31	320701579.294	143140064.432	2928856163.64	631605732.259	3823561672.47	23586792564.9	185707840.234	27801550971.4	706615465.866	162136919.046	9574493816.39	1592007943.49	28078011922.3
odour | Problem oriented approach: non baseline (CML, 1999) | 1/OTV	5.54969341568e+15	2.46248295322e+13	5.0474122716e+15	5.62870638092e+13	1.76746005156e+13	1.17313667678e+15	2.42236504836e+14	1.60133809969e+15	7.91515949162e+15	1.93917098496e+13	6.62905854618e+15	2.99023389308e+13	1.70391485253e+13	2.9328801895e+15	3.26469607584e+14	2.31520267337e+15	4.44759419299e+15	4.52936100026e+13	8.43746655819e+15	4.38854267939e+13	1.94065722031e+13	1.21720244592e+15	2.17190800494e+14	2.29292298999e+15	2.61658338438e+14	5.47883600376e+12	4.22602357557e+14	759853131630	294825813259	1.605078694e+14	3.37990213246e+13	1.69704044473e+14	2.0607392751e+15	9.87408616128e+12	1.50410010229e+15	4.68159738839e+13	2.78957766172e+13	5.8702014771e+14	1.07576581638e+14	7.87466018928e+14	5.36589223026e+15	2.35960816702e+13	5.43087874923e+15	5.47876695917e+13	3.06144518756e+13	1.89000417519e+15	1.69454418234e+14	6.0979333981e+15
Climate change midpoint | ILCD recommended CF | Global warming potential 100 years	489252527438	142276011761	2.21627082731e+12	164555510400	55987687230.1	721461569690	435445088727	1.45040670279e+12	943304445794	66065810744.2	3.93790413549e+12	138078968524	102759700376	1.632590427e+12	366473504585	2.02320670346e+12	472287826359	189852879333	3.09632798102e+12	297921404246	64572014051.4	529133272280	337796115687	1.63281843114e+12	34741356225.7	18600365744.7	146710243793	6598860676.06	3048327048.55	78928831043.2	31740176144.5	95145018656	332811842155	23247745533.4	484627648788	55259022985.9	9585154601.07	191003970781	48098197768.8	411136269224	351763585589	59548257027.6	1.55786146008e+12	231723074997	15020506753.6	494058017498	116577004297	798608267357
Climate change endpoint, human health | ILCD recommended CF | Disability Adjusted Life Years (DALY)	684846.545555	199184.473396	3102673.04489	230376.113722	78382.2548557	1010020.24916	609616.906085	2030531.81424	1320430.1209	92491.2926102	5512912.35687	193309.704696	143863.179752	2285556.39839	513054.598989	2832434.87467	661105.792586	265792.08981	4334671.64093	417088.128153	90400.1015649	740758.44558	472906.614697	2285878.86135	48629.7823426	26040.3634888	205385.533206	9238.38048917	4267.65018563	110495.836399	44435.2521284	133198.264734	465852.44719	32546.4400548	678432.005418	77360.7484929	13418.1090466	267383.483208	67333.5190448	575558.702271	492408.434523	83367.1125807	2180936.23717	324411.280915	21028.2500196	691660.021178	163205.607507	1118027.75775
Climate change endpoint, ecosystems | ILCD recommended CF | Potentially Disappeared Fraction of species (PDF)	3875.83545774	1127.61391336	17568.5808631	1304.76728724	443.915385672	5719.44050089	3452.69642646	11496.7175059	7472.79121393	523.558334227	31217.4603916	1094.89922478	814.836275938	12941.8972945	2905.63257425	16036.0451607	3741.24596301	1504.57631019	24543.1945019	2362.38161935	511.950726624	4194.34801967	2678.36877183	12942.3566198	275.186684955	147.362394505	1162.8466552	52.325869578	24.1682057357	625.622641189	251.641799594	753.989575815	2635.95370514	184.169065137	3840.51375252	438.08947706	75.9516472984	1513.50398807	381.18539926	3257.13859884	2786.56447907	471.883488859	12349.1888636	1837.46907247	119.080077091	3916.48198057	924.326859463	6330.00572589
Human toxicity midpoint, cancer effects | ILCD recommended CF | Comparative Toxic Unit for human (CTUh)	391.364457312	102.15593174	11508.3371833	223.591831036	107.647115695	3595.72551914	8628.26891036	6191.74011702	608.913864432	49.628275001	13699.7392918	80.3829751804	42.5523803678	6160.16382093	6472.30971508	6022.62969733	130.616828998	92.753734627	10810.991507	79.0749029229	29.4473990542	1466.43250831	2676.70661025	3916.0219618	8.37841951806	5.6747916188	442.231693638	0.854240831546	0.323052050401	134.948311341	140.144183356	156.051768291	55.7723211747	15.9369417184	2160.06254727	22.6938262712	8.83519199953	438.545917235	236.021730937	516.24259683	124.135751825	37.4640784609	6111.10472276	53.4295367708	16.7565484605	1433.96452183	1280.49742926	1726.07065912
Human toxicity midpoint, non-cancer effects | ILCD recommended CF | Comparative Toxic Unit for human (CTUh)	65704.7714364	14988.2877076	2454785.60921	33507.2698252	14165.4240804	572807.321828	776925.912619	826735.063488	99708.7674293	8456.85774897	2800220.16796	13324.5155036	7511.18018306	1032056.44974	598694.055341	953402.006874	24175.2325358	22558.7153884	2920538.09843	15751.8143488	6690.74557871	342578.180776	269209.513785	755456.196842	1449.08409192	1076.19631205	102089.297506	169.563036371	63.8561585061	26510.3149898	15831.2596112	28297.6003847	14436.1056663	4504.32061045	630548.273901	5878.35260572	2461.79781419	118965.711754	39077.9286256	135974.48716	21621.4775472	7855.53709676	1522252.06322	9043.15731016	3068.73347108	269433.654156	122591.9515	279790.032767
Human toxicity endpoint, cancer effects | ILCD recommended CF | Disability Adjusted Life Years (DALY)	4499.93933381	1174.39871442	132350.283575	2570.71195008	1237.57025767	41343.4358119	99179.7734104	71183.6830121	6999.26436248	570.448988107	157479.48869	923.977952944	489.152659878	70809.8755638	74396.2382709	69228.753754	1501.62363896	1066.5113596	124316.553639	908.976361822	338.57010892	16861.4299558	30768.4937729	45023.1337546	96.3140515538	65.2382906019	5084.50162775	9.82009481821	3.71392385796	1551.39967212	1610.95863285	1793.97151651	641.324835586	183.264182563	24840.6135215	260.93751229	101.59816452	5042.98517625	2713.45752817	5936.28274126	1427.07735793	430.72173843	70265.865608	614.150864759	192.642688453	16485.9201073	14718.9931226	19843.1374526
Human toxicity endpoint, non-cancer effects | ILCD recommended CF | Disability Adjusted Life Years (DALY)	177346.220808	40445.5774918	6626488.02481	90431.6183475	38227.0486826	1546008.69752	2095934.25183	2231053.91353	269056.782078	22818.8839052	7556522.09303	35954.7147032	20268.9590385	2784877.552	1615089.66612	2572609.81666	65250.1052097	60887.9770247	7883099.81366	42506.6867826	18057.903804	924649.388184	726307.53897	2038899.71767	3910.80778156	2904.27135441	275529.74563	457.575659725	172.329125615	71542.210023	42713.704587	76363.6358176	38966.6291878	12158.0737174	1702030.63902	15866.3457809	6644.89413972	321115.709075	105461.456609	367021.990614	58352.5924431	21201.0494253	4108647.64207	24404.0383307	8281.8380065	727150.42687	330729.870064	755053.23536
Particulate matter/Respiratory inorganics midpoint | ILCD recommended CF | emission-weighed average PM2.5 equivalent	489621786.061	45401729.4909	3233938311.34	52117233.8209	17873566.4021	707539517.718	464456400.279	1092385779.25	845014065.581	101945630.687	7370094953.96	42550487.7792	20736717.0514	2887514958.59	516811805.488	2497804493.02	382663712.636	111745180.76	4599148678.37	63553128.9552	22716185.9949	582583261.227	218830672.039	1195385449.63	23350296.0952	5117850.0543	212696120.341	513073.978896	240760.389954	67496025.0105	21120128.6082	67186346.6461	164349207.584	15768511.4799	820231360.752	19626866.7487	6355105.95803	227422024.985	48795938.5464	294915711.765	426166317.961	46552610.8661	2732772883.32	62700311.0018	8558609.55215	571681385.062	104336323.398	885146628.452
Particulate matter/Respiratory inorganics endpoint | ILCD recommended CF | Disability Adjusted Life Years (DALY)	881319.210412	81723.1129078	5821088.9364	93811.0204028	32172.4194037	1273571.12692	836021.518888	1966294.3959	1521025.31073	183502.134847	13266170.8726	76590.8777664	37326.0905743	5197526.90879	930261.24778	4496048.0722	688794.678509	201141.324812	8278467.59268	114395.631856	40889.1346969	1048649.8665	393895.206993	2151693.80112	42030.5327452	9212.13007446	382853.015178	923.533157791	433.368700626	121492.844512	38016.2313227	120935.423455	295828.572152	28383.3206146	1476416.44514	35328.3600784	11439.1906923	409359.64373	87832.689124	530848.279666	767099.368624	83794.6993676	4918991.17399	112860.559755	15405.4971542	1029026.48994	187805.381609	1593263.92518
Photochemical ozone formation midpoint, human health | ILCD recommended CF | Photochemical ozone creation potential (POCP)	419298862.778	357423135.976	5820478392.11	146510212.431	48732186.2192	1440995352.23	578222233.883	2564223031.61	705423603.08	147951558.226	7987196916.12	63461205.4161	27519628.4889	3202319878.45	585890562.594	3787251573.45	441884141.052	562568370.198	9651819365.92	179246009.264	74598564.0855	1371489336.7	598522830.874	3372043053.95	25856998.9805	23553232.4329	361665533.892	1578016.91226	985919.931409	166223960.194	48374110.0666	197340609.727	151570977.559	52592737.1385	1167813485.08	36393193.0026	9397624.97031	375942460.29	77035970.2269	526596184.035	236564855.352	133188999.818	3413143492.89	99517978.5866	11878090.2713	767806240.01	151312890.325	1108862443.64
Photochemical ozone formation endpoint, human health | ILCD recommended CF | Disability Adjusted Life Years (DALY)	16.364481016	13.9422462011	227.044777048	5.71498150634	1.90091669219	56.2091928219	22.5502941108	100.029271377	27.5347658168	5.77172676804	311.571612455	2.47528419865	1.07353496532	124.919081344	22.8508834055	147.747042932	17.2471710715	21.9447822876	376.471518075	6.99043552054	2.90968313278	53.495660137	23.3466514163	131.537778018	1.00934673303	0.919184012703	14.1076663861	0.0615565627255	0.0384729137326	6.48395259283	1.88691394098	7.69851043721	5.9200736531	2.05184472293	45.5534007928	1.41949808845	0.366666353778	14.6656664197	3.00517643086	20.5492255196	9.23531005361	5.19586993597	133.136872542	3.88010198633	0.463319330114	29.9493879777	5.90154330555	43.2575027613
Acidification midpoint | ILCD recommended CF | Accumulated Exceedance (AE)	17025594082.3	245194156.947	22805142337	362164659.959	112602377.822	5467062849.67	2992924456.72	8119360200.66	24692138818	328217978.084	38103226176.8	266207225.749	107430454.244	15593290631.4	2996897719.95	13343273157	13588873266.6	397971487.309	39222908743.4	696535831.771	179348140.59	5474820901.27	1556176041.76	10898138001.9	802220573.678	28176185.2655	1964644077.73	4927510.10786	1631377.64353	732205479.795	179590836.018	742655009.384	6311930206.92	102587476.087	7349139551.55	290593083.264	110911951.031	2436778901.58	499395021.876	3251981407.67	16369394119.9	209044522.994	23713025504.3	926457952.994	131877425.506	7460667969.66	940984019.882	20464231253.1
Acidification endpoint | ILCD recommended CF | Change in potentially not occuring fraction of plant species per change in base saturation	79.9812310893	1.10600662226	105.153675788	1.650139526	0.513197257656	25.177855694	13.4519318269	37.2758338474	115.885701032	1.46925470976	174.196846875	1.20341667895	0.489771870165	71.4703767543	13.5393532592	60.9964079497	63.8515665955	1.79955991363	180.653404117	3.12028045631	0.810148666285	25.2487351783	7.06999255844	50.1521486856	3.76873304036	0.12929151942	9.04876474135	0.0224463810126	0.00746730623334	3.37488803739	0.823154645851	3.42877682956	29.6543191243	0.462389785403	33.7850855802	1.3254061302	0.514186358307	11.2754362669	2.30024373629	15.0509009626	76.9235456926	0.945101967985	109.491207822	4.14729430271	0.609264398988	34.5987929453	4.30666779658	95.6602266705
Eutrophication terrestrial midpoint | ILCD recommended CF | Accumulated Exceedance (AE)	74920861111.8	332435198.685	68140065666.7	759875361.425	238607106.96	15837345136.5	3270192815.29	21618064345.9	106854653137	261788082.97	89492290373.4	403681575.566	230028505.091	39593882558.2	4407339702.39	31255236090.5	60042521605.3	611463735.035	113905798536	592453261.718	261988724.742	16432233019.9	2932075806.67	30954460364.8	3532387568.91	73964286.0508	5705131827.03	10258017.277	3980148.479	2166856236.9	456286787.882	2291004600.38	27819980213.9	133300163.178	20305351381	632015647.433	376592984.333	7924771994.1	1452283852.12	10630791255.5	72439545108.6	318547102.548	73316863114.6	739633539.488	413295100.32	25515056365.1	2287634646.16	82322100874.4
Eutrophication marine midpoint | ILCD recommended CF | Potentially Disappeared Fraction of species (PDF)	621565662.557	2757980.90761	565310174.42	6304151.14663	1979555.25774	131391307.799	27130488.5417	179349867.166	886497863.062	2171871.50316	742454557.172	3349061.96025	1908384.63483	328482581.224	36564596.0494	259302699.417	498130549.614	5072884.32029	944996254.517	4915167.80092	2173536.08674	136326673.943	24325369.6554	256807374.879	29305733.905	613629.632421	47331464.0464	85103.5507425	33020.491085	17976881.3728	3785490.38835	19006852.9809	230802798.812	1105897.65006	168459211.457	5243389.07499	3124326.98113	65746256.5436	12048577.1435	88196194.12	600979929.789	2642761.14706	608258419.913	6136218.99427	3428818.61006	211680467.621	18978894.8422	682968540.587
Ecotoxicity freshwater midpoint | ILCD recommended CF | Comparative Toxic Unit for ecosystems (CTUe)	31508620636.3	6001778444.88	1.06535664019e+12	15850876297.5	6508079844.74	254925850871	356990719006	371939990343	46651364598.2	3906172114.88	1.21056505081e+12	6938994613.79	3464738021.4	454132729869	273897470473	427626219503	14873124730	12467144496.3	1.54606673183e+12	8602443353.87	3542240813.64	181460351427	129479099877	395301517294	787716436.766	500631576.979	47980645727.1	77802971.9084	30212661.8071	11969781870.6	7505565649.97	12798136818.9	8126549708.88	2457853710.38	343513658643	3449933051.86	1411598632.68	64801826518.5	20297389681.4	74127817020.2	12373338853.7	4177078959.09	768850657161	5793711907.77	1615992383.1	137388951707	58503543078.7	142939306340
Ecotoxicity freshwater endpoint | ILCD recommended CF | Potentially Disappeared Fraction of species (PDF)	31508620636.3	6001778444.88	1.06535664019e+12	15850876297.5	6508079844.74	254925850871	356990719006	371939990343	46651364598.2	3906172114.88	1.21056505081e+12	6938994613.79	3464738021.4	454132729869	273897470473	427626219503	14873124730	12467144496.3	1.54606673183e+12	8602443353.87	3542240813.64	181460351427	129479099877	395301517294	787716436.766	500631576.979	47980645727.1	77802971.9084	30212661.8071	11969781870.6	7505565649.97	12798136818.9	8126549708.88	2457853710.38	343513658643	3449933051.86	1411598632.68	64801826518.5	20297389681.4	74127817020.2	12373338853.7	4177078959.09	768850657161	5793711907.77	1615992383.1	137388951707	58503543078.7	142939306340
GHG emissions AR5 (GWP100) | GWP100 (IPCC, 2010)	509651528579	157637038149	2.35373079569e+12	167630395718	57393531496.3	755433136065	442086161084	1.55681643987e+12	971204290482	71488140337.8	4.12531064301e+12	139210618537	103498886121	1.70224961154e+12	373710591943	2.15205260268e+12	493141148063	212122626695	3.28520688972e+12	300271448466	66783759925.5	560658234421	344516320850	1.93238526089e+12	35720611165.8	20326260014.9	153208743625	6635091419.59	3110854921.39	82213374708.8	32407108984	105854646249	342385881984	25465172365.3	505168996091	56035744610.9	9925546853.7	198349923859	49771430757.5	439792695977	366552374523	64091280466.2	1.62461248411e+12	232675124293	15308144753.2	508434130005	117910075775	837453082649
Nitrogen	4164625447.27	24146691.8921	3751458846.49	52228743.9173	16062786.3952	903843089.454	286708725.912	1572724409.43	8778518396.24	19391076.5965	6223862100.94	34921327.2711	17166196.1185	2938691599.32	404563316.6	2754151373.3	2700647390.76	36081675.5107	5346926064.58	44460677.9535	13964067.3816	796727506.767	203751596.377	2150856252.54	126488915.449	3258365.52377	217557102.66	708415.963544	207354.379867	89404978.1481	22155558.4901	125684806.411	916004731.608	5101362.89317	730974979.831	21986253.1116	12191331.0251	258968213.787	53003935.9581	350284678.639	2292544713.35	12778603.1323	2649670689.27	35841984.1644	12816683.6321	778237620.659	89220859.7155	1148515289.48
Phosphorous	1295899993.53	5659033.31957	1331409164.06	13001458.8153	4236776.82734	293434211.671	59946614.4451	368690228.623	4547276643.44	8710238.88004	3158106559.12	12648956.1086	7411847.47206	1463868461.64	153324183.052	1074545937.74	2916616498.2	24560209.1075	4818306448.84	24121765.1303	10801372.1228	689108721.46	110371118.697	1243837768.48	226911330.164	3601085.14208	207554081.449	469544.592886	172698.639659	117603127.434	19367976.0104	150455604.19	744941327.286	3237691.49013	463882522.466	15716783.2138	9654458.70771	182791545.496	34213321.0468	252765130.67	988764092.46	4876500.41478	1274176486.12	11066878.5651	6784122.12257	333420192.161	27513657.3923	338379060.364
PM10	90067266.5366	38255184.1468	2016844629.1	35518991.5208	12502856.7491	445455284.74	288681454.656	703086267.428	219948089.174	86765586.6595	4483771223.11	26826925.8718	13389777.4436	1833072477.56	320562919.211	1577852160.67	66913174.189	94718155.9456	2746018081.01	31835530.3092	14899305.9746	347932963.39	136570664.634	706080030.313	4429018.00141	5779158.64584	119824803.934	329989.788474	233462.075868	37210293.2538	12770415.7531	36787330.9776	19346716.7013	11019661.7142	478125190.245	8665133.90723	2912777.23781	129199498.978	27607775.0629	167915580.208	52179699.0585	36776104.6345	1578761138.38	21628972.2115	4086414.04929	297325652.856	62009470.275	320783276.707
PM25	74068562.2491	18965116.2639	1467955946.63	26909758.8193	9123720.81018	330705458.415	253768847.9	514202664.744	167099721.548	54621134.4134	3072331076.39	19644863.9038	9268910.26181	1285717475.37	262999729.738	1134216306.67	58408914.2405	65187386.8394	2025792137.54	24109480.6825	10558187.6461	261048642.154	115101123.773	539827526.374	3761864.64452	1562265.75383	82984821.5404	175632.820043	76580.0399557	25622922.1214	9785554.37276	25080249.071	15620099.1998	7909271.28626	354982594.912	6686402.17885	2261922.84716	102400983.805	21799944.9742	135578483.507	43077839.2892	25372100.5985	1120078677.68	15974977.4332	2989016.61252	213438164.929	51849137.061	232313675.609
SOx	202686997.697	130402421.19	5772486470.84	146700555.157	45209987.9888	1468847393.74	1726236803.15	2506350488.24	601799353.672	205843522.396	13804175089.6	134276459.678	42726889.8459	5141978976.46	1535083591.64	4848367239.28	119953285.363	199377698.55	10489892929.5	430535757.903	92168162.2414	1373182835.56	687221239.9	3033214177.2	9169764.57659	8877939.33901	525484700.695	2009735.61095	565651.669837	188909705.501	59173886.7314	175686103.112	67555416.8725	55547889.9849	2142562780.62	113899879.492	20356263.8523	506853477.478	133216599.487	667048878.247	125495866.018	105178897.977	5581505100.46	580915412.846	30092962.4751	1338057527.17	327657768.562	1563719382.31
NOx	693234087.456	173749412.81	5615373076.8	347112067.372	102956011.058	2035329612.17	3417210022.9	3324017802.17	1138367341.53	82107009.6603	9321545884.4	262213817.225	73811176.7012	4236708929.11	2767998215.32	3940938028.09	611212495.4	233533588.694	7715353200.39	540834708.583	81370741.3403	1284413617.23	1856725344.47	3481854617.68	31156740.6969	10478464.225	308500107.65	8351628.03056	1452138.33723	158466964.793	134321127.795	156557792.909	108536829.135	17460832.3856	1029745025.47	99494581.0634	19323683.0316	337241662.401	140860023.832	364655751.574	427883145.205	70204655.9802	3707431115.09	392524253.817	25412483.5332	1206254688.74	719464828.676	1547493821.01
Domestic Extraction Used - Crop and Crop Residue	535877.73685	1694.19249583	443193.766208	4173.94373043	1364.47110892	99278.8476811	18727.8071833	117876.093389	1243305.65461	2282.40507202	833841.227469	3340.60228009	1941.41230469	390796.924424	40980.8898599	281734.000433	637737.315891	5009.19911564	1007098.30195	4104.85466525	1875.45747487	143895.92531	22925.7019811	243090.363544	23592.7532155	427.664897064	31250.6099026	57.5200538993	22.2009573846	12706.7424666	2351.2155528	12074.3611718	291376.209774	937.836348095	125451.058039	3914.3073068	2690.0693925	54400.3980683	9916.98958589	58535.8411841	388928.414335	1315.7856544	336430.091164	2240.45638028	1391.32367569	104817.280809	8251.37059771	89271.37986
Domestic Extraction Used - Grazing and Fodder	751012.377177	2340.51253417	605034.842587	5806.38682372	1923.94197356	138529.254946	26505.1538349	163550.54298	1329235.33096	2743.20939348	968166.180905	3883.64413526	2292.22921233	441980.741306	46576.0203972	324701.412516	1036446.04116	7959.34768122	1570411.41671	6506.85577213	2951.79754108	228074.070678	35787.5372706	383192.49277	68497.7653806	1017.09310833	63767.600731	134.445387012	49.5981347415	32900.7026029	5296.06811249	30634.7924812	645417.143185	1951.91361647	240910.480492	8355.25998551	5785.86813439	113750.184284	20469.9186004	123233.685736	557328.911504	1771.28101111	452430.804987	3139.44775318	2044.54721831	146485.944118	11407.2568525	127028.454312
Domestic Extraction Used - Forestry and Timber	237344.322441	712.81990254	174761.928381	1738.86204425	572.004806547	40510.6770437	7307.71380446	47217.9251649	278998.798011	580.234071267	201905.437693	804.801014505	472.306314245	92243.8477826	9795.71700262	67745.6682288	184325.195365	1513.47376457	291043.809669	1208.97750409	552.209638415	42280.3642469	6845.60248638	71488.7639124	6213.49866568	119.135479485	8571.16292866	15.7042340394	6.17606315207	3518.381151	666.438844043	3289.95656333	216511.831484	630.209143256	73512.3271608	2739.31162806	1906.23432886	36821.2936847	6574.59817487	40043.8244076	94927.721566	348.107416102	90576.2274723	577.883046201	387.424245166	26442.8858512	2118.73498715	23908.8446324
Domestic Extraction Used  Fisheries	8060.67298669	24.6997723168	6221.17160331	59.9151515693	19.3445036062	1415.03858439	257.31168392	1670.56523761	14813.4527675	26.8909614171	9817.27376246	39.6513861662	23.0441054308	4626.21287765	486.882595359	3333.92083276	5270.32291937	45.4976744829	9137.94256578	36.5616654038	16.9709020046	1289.19221064	214.257054262	2199.45512337	122.789141369	3.1232693192	282.892845958	0.432130764903	0.17912951567	81.2652302372	19.2608769242	78.9532876336	3229.92223182	10.632957515	1462.32760505	43.9292163208	30.0921974972	617.771630555	113.30037329	661.531676233	6230.7152118	17.6445706208	4331.93319503	33.0925843645	20.86544187	1570.50627436	119.717336106	1302.73032063
Domestic Extraction Used - Non-metalic Minerals	52173.1074923	684012.64967	2580288.10635	79755.4736446	45239.1637496	614706.672059	108099.626965	628616.165205	217065.788206	737535.218372	6909281.67397	34915.4837388	37813.7565882	3092547.9174	248613.909603	2036957.83564	23728.8290465	842769.782234	3044343.73483	56028.2074367	75456.7177539	457807.562343	75262.6986711	748233.772803	2035.42905599	16206.564613	155525.044734	424.065848792	594.734363956	44849.6987792	10498.0468066	43153.843187	10177.747734	68394.4667058	354248.21288	10213.0984615	3175.65412766	97343.4080749	18033.5082434	101822.687072	24664.1301645	331620.364402	1827498.61509	34195.2924433	8942.93536128	326515.381859	29749.983092	290143.724147
Domestic Extraction Used - Iron Ore	3396.31155782	36276.4180543	165190.843192	4471.71997921	2532.59199947	38014.3046905	7045.12539419	39905.992959	17218.0841629	56085.9882783	545405.015878	3926.28614678	3132.13087176	238517.57051	19469.5031173	160451.724731	2421.28428769	105463.443551	299446.236962	6671.29958833	9257.96598253	49183.5755975	7336.53234208	77007.1991951	742.066870576	63365.2584202	47737.896528	855.696612764	2236.15437809	23018.5454388	3955.95665692	20568.9092766	726.375680125	4897.56856019	25769.868596	724.6524824	226.075674764	7011.12201524	1277.14235407	7083.80164294	1812.3991636	19123.1315146	145182.880451	1336.22150781	498.770626937	21309.1523632	2128.72573014	19490.3175032
Domestic Extraction Used - Non-ferous metal ores	6481.98979613	49790.6870395	298483.975412	7393.86825543	4081.18151417	65781.092072	12594.2418603	72106.8493848	21313.7477357	58513.1001619	674476.894945	4265.33323167	3536.94848412	273746.484114	23630.935685	195517.946193	8344.89798284	449398.982874	951596.799107	26985.4422646	39001.7872464	177597.371488	23551.1737712	265209.508998	726.076275758	50666.2879442	47609.7058023	696.93709022	1788.53952764	20870.5215533	3746.81589898	18850.3456812	2358.72311781	21358.5494746	67421.3969816	2965.7536462	918.651173075	21854.8822023	3890.00782104	24442.5188089	3105.68418834	32539.6390658	219510.964833	3726.88847775	1018.38944283	37731.6355219	3493.8826039	35569.919551
Unused Domestic Extraction - Crop and Crop Residue	316992.731918	994.212696839	257012.492343	2443.45850248	800.963872928	57795.2648681	10832.362848	68281.4829405	707762.022469	1285.93012025	468745.198061	1876.69169727	1088.64934633	220633.336373	23158.8831011	158658.05201	321236.765087	2597.93463943	518857.881219	2110.21789355	968.334425554	73924.1373018	11935.0040454	125264.604141	8904.25912839	188.254911808	14760.3849996	25.4055437371	10.1134096321	5303.87476972	1072.63503655	5078.92591091	206116.917274	638.863262728	81683.6810655	2703.27478726	1864.78303502	37200.8520561	6728.36704552	40119.5826371	202117.69806	716.036571468	183095.606674	1187.21159554	740.92003788	55360.7365332	4394.07982771	47546.6603431
Unused Domestic Extraction - Grazing and Fodder	95367.1881428	279.177574351	65790.5494469	660.08516458	205.20357482	15101.9434171	2355.18659659	17806.5409433	33687.0910576	88.0888505726	32176.0058757	124.118869379	72.289104989	13340.8037689	1435.45828284	10252.6478327	55444.5581188	407.109200569	82352.2118923	341.775820651	152.721879137	11976.0886618	1866.08328215	20103.1297961	1132.18187995	22.8559332655	1795.36731295	3.10897272483	1.17958408194	667.806118062	125.431117937	635.749113125	3138.58348938	22.1446841362	4280.92934548	81.0417246688	57.0633611404	1095.85889485	232.769185218	1272.69762067	14699.0438802	61.8965075365	18686.8280036	108.347041977	64.8511304437	4727.64861761	393.103430053	4375.10903011
Unused Domestic Extraction - Forestry and Timber	39023.9719348	116.695330058	28407.2954403	283.513875717	92.7756195798	6587.55455155	1170.36317291	7677.59313574	41881.1389251	87.6545989163	30508.266665	121.497552225	71.2917576344	13902.4960791	1477.989881	10221.8813386	27663.4430802	228.232919807	43896.7475141	182.234504127	83.2452370842	6374.40480855	1035.05259873	10784.5691965	933.68436349	18.027978841	1303.45555538	2.37919722752	0.935506645249	532.131837982	101.079993834	497.395989407	32510.8421115	94.9213387756	11102.7037469	412.328171406	287.021131254	5540.33428496	990.170907026	6028.45344621	14280.9770591	52.8849176698	13828.106763	87.7670846402	58.7535891935	4006.00317624	321.690184168	3632.49754001
Unused Domestic Extraction  Fisheries	1751.32630197	5.31034886423	1321.80333907	12.8515195936	4.146500598	302.923727598	54.6473468059	356.81977607	2814.70611664	5.22356898697	1893.07000559	7.66341867002	4.46551890383	888.035857929	93.6923147768	642.710077762	1020.62269922	8.96796344431	1787.54000202	7.16155406645	3.32914720828	252.894196705	42.2960837597	431.796038691	24.0340154007	0.617188148465	56.7037806057	0.0853804807549	0.0356416992343	15.957004653	3.86134697539	15.4494974818	745.748237564	2.40766665444	323.518922399	10.0251153965	6.88467561694	140.077499578	25.6024436473	150.328854012	1346.08319976	3.63540811331	885.361574699	7.02288902441	4.47894540603	333.880130298	25.2474623847	276.569989208
Unused Domestic Extraction - Coal and Peat	61601.7661838	978446.933675	2938206.61075	111482.485027	64813.3941308	772524.238897	126866.480999	766026.985566	139491.098589	360257.42336	4417062.87381	40683.8475793	25315.7063465	1757388.28916	154800.705333	1277391.69035	33090.6474817	1511787.58895	3920648.24947	95861.5126942	133115.716279	678818.472795	98649.2490044	1048794.35326	10810.0985868	983451.554719	685123.3346	13198.6000031	34694.1709239	342963.230134	57835.4840457	304335.622544	15160.9799592	135296.653202	435796.957325	18767.5073864	5829.27438848	141184.942105	25167.8661835	154287.85788	19529.544656	175873.464706	1470336.12918	14181.1949142	5021.9027776	222512.752479	21907.0290512	208045.137537
Unused Domestic Extraction - Oil and Gas	2907.07715589	39273.8036672	139005.298723	4711.66801444	2679.7455673	34244.0450328	5790.05942438	34795.2109751	4529.31507641	6541.74568616	144226.44709	689.899109847	754.34894803	50741.5236261	4949.31937754	40306.219872	1272.81246658	50486.0065674	150371.496585	3355.13848231	4539.00732226	24720.2806724	3831.09533206	39586.7490562	102.242868135	1501.80255765	7226.92314856	29.0784258361	53.6012184777	2339.27108548	512.521330973	2158.03766139	827.347193497	7202.72380398	23267.240916	1014.29721092	314.278063945	7587.28742008	1378.52837355	8775.44430093	1243.06099842	20154.8410034	66758.0517597	3099.00486329	616.443954394	18353.5081043	1397.26948093	16090.8652094
Unused Domestic Extraction - Non-metalic Minerals	3537.65480954	82374.970826	175068.876444	8435.90268437	4971.42782623	51592.7888402	7527.93500756	48213.351357	3071.93238638	8840.80031921	99939.1058389	555.54786572	473.677999124	41270.9125507	3595.02100541	29004.5325499	544.195608817	16306.7217549	68015.9090028	1151.0147648	1463.0904662	10493.7658607	1863.02924989	17246.7116076	39.2817237196	459.470221834	3239.27355195	10.095257654	16.609882775	953.561331135	221.290266074	863.927278976	218.143412432	971.223356014	8105.7059492	145.557198419	46.8315477983	1968.86313382	397.755446301	1877.33462335	478.27141642	4982.14330416	37056.0166631	494.731474075	127.759697529	6297.46641795	592.508734646	5737.19935507
Unused Domestic Extraction - Iron Ore	2667.70710312	22351.0550017	128536.81642	3004.60959846	1683.51069795	28258.7299264	5501.88090577	30432.7088131	14918.1457153	46570.7866072	471521.979606	3767.97373638	2772.78055058	202846.965912	16753.071523	138306.69725	2109.87697641	91730.2332421	260846.672951	5839.60745326	8062.85168417	42825.6711407	6369.72154009	67073.1030483	842.248441156	75486.7936333	53528.0448303	1014.6981335	2663.36817137	26552.3611234	4497.57160238	23646.0565401	671.718917242	4742.54192364	23265.6611534	695.718013879	216.928977892	6477.60510019	1169.55570643	6616.42955585	1635.20529669	17005.4834975	128978.51769	1190.48413166	448.049546147	18963.7041761	1888.78398727	17352.3376943
Unused Domestic Extraction - Non-ferous metal ores	7772.98506763	45548.8729562	345026.272818	8032.41897014	4370.11933856	74221.5153858	14564.1895727	83647.2119571	18335.5376528	36874.6483138	578052.349466	3864.93111385	2805.20734854	208443.481126	19696.4062268	164197.258774	12538.1788002	705811.905695	1401086.60771	42026.0958059	61136.6070658	269862.932285	34760.1436968	398505.832464	834.488461024	58361.0098862	54078.8801787	801.211382292	2059.37899934	23803.3355735	4244.93745891	21465.1463521	3561.98660042	34643.4069042	94990.7056987	4745.60476382	1468.24553613	32679.614456	5761.27887874	37430.9743354	3521.73021252	33989.9592527	231694.880851	4670.64260554	1190.87395742	42220.0053787	3804.66974588	40837.8610269
Land use Crop, Forest, Pasture	5891278.40847	17676.0915991	4313306.16393	43070.488725	14122.4959366	1012728.8104	182038.584218	1181306.12825	4918903.04584	12403.3267439	4141616.45097	16656.6316598	10100.5746806	1810624.06517	193223.417052	1369632.43139	5405982.99011	42466.5138754	8203014.33605	34314.0969839	15543.1393422	1204661.5631	190413.77822	2022314.54671	674359.089586	9119.66254144	521261.690076	1197.96568745	429.477410316	309296.246506	46198.0111533	284950.364241	4873564.73213	14375.6180983	1702027.76928	62285.2948617	43368.0696989	837820.250906	150019.765315	912130.686721	2950596.06061	9263.9545988	2373228.82411	16742.8871246	11469.2041087	774162.008716	60111.237816	692307.024561
