region	Europe	Europe	Europe	Europe	Europe	Europe	Europe	Europe	Asia	Asia	Asia	Asia	Asia	Asia	Asia	Asia	America	America	America	America	America	America	America	America	Oceania	Oceania	Oceania	Oceania	Oceania	Oceania	Oceania	Oceania	Africa	Africa	Africa	Africa	Africa	Africa	Africa	Africa	Other	Other	Other	Other	Other	Other	Other	Other
sector	food	mining	manufactoring	electricity	gas	construction	transport	other	food	mining	manufactoring	electricity	gas	construction	transport	other	food	mining	manufactoring	electricity	gas	construction	transport	other	food	mining	manufactoring	electricity	gas	construction	transport	other	food	mining	manufactoring	electricity	gas	construction	transport	other	food	mining	manufactoring	electricity	gas	construction	transport	other
impact																																																
Value Added	58791.4298952	5079.51865592	643215.617412	7240.39601265	2892.25164464	224103.404618	96373.4816371	310912.048908	55204.6591657	7161.52954748	674630.811446	3473.1676068	2298.61899822	285736.06389	54652.5533622	331018.308394	13329.5135426	8780.2849102	824731.213978	3923.78118832	2151.8830619	169013.002399	62122.0206387	371806.239034	2471.46932306	1018.89350519	78921.4704744	127.078929468	58.0004558136	31150.4200888	11105.6587526	27022.063826	7643.89240816	1049.98219574	176383.053853	1562.92061948	544.60998757	55544.4130704	12751.4106106	53687.5596436	23979.8913336	6842.48986857	818662.01636	2741.47246491	951.78813454	135917.949099	16229.2283344	135934.122372
Employment	25987.3128103	450.978477208	76428.5774076	788.708317257	309.110406038	21719.1158333	8091.52556318	27069.1000527	15351.403459	397.721145696	60512.0745471	295.708953851	211.288570879	24225.1432271	3915.40999813	24912.2344155	4084.36182556	758.841488393	86812.6064314	357.335494206	205.580396711	13807.3620479	4191.68785461	27716.4173847	792.148040293	95.5730006246	8632.20311244	12.9128824757	5.73456969778	2719.44636931	862.83664297	2392.62612828	1303.20093877	70.3752405419	17110.000732	135.931411649	50.8687426023	4435.80713898	929.338674548	3755.58765046	7310.24760519	422.984647548	64367.1023915	213.482975895	94.0779595938	10084.8936904	1095.56031355	9478.1402889
Employment hour	53850188776.1	1014818284.65	168740968324	1748402514.75	687532276.213	48099034903.6	18122823345.1	59699093686.2	27996822550.4	876721827.721	128854693588	630327856.725	456722372.444	50965110505.1	8335633344.08	52566251161.9	8185202803.77	1683007541.07	189264608408	780171433.204	451358384.486	29840737131.3	9072295040.39	59337661212.9	1432326895.79	207788263.882	18804991158	28121826.7662	12471153.1992	5897193407.33	1876577827.1	5178192998.07	2506118920.45	151538564.539	36872927122.6	289680566.385	106684142.024	9549916669.08	1999612999	7983123251.91	16025430002.5	953022053.126	141469913327	468060814.916	209395235.617	22033313156.8	2384967691.92	20559783481.1
GHG emissions (GWP100) | Problem oriented approach: baseline (CML, 2001) | GWP100 (IPCC, 2007)	162454521848	8329058578.49	879049331937	8663871278.68	3530911238.1	179988313216	76999365375	250012285130	121668515332	11522285976.6	811540362759	4022533761.67	3004693997.09	280209285907	44663072340.6	273311926933	24797274041.7	13823913263.8	1.038593333e+12	4648501564.54	2972570579.24	123775054095	47027887856	272160621416	5660796917.41	1086829670.85	99429935149.2	147639589.463	61804065.1031	25433062724.5	9392514274.16	25881121489.5	13601927739.9	1378811320.84	199584695260	1528684539.27	611732415.884	42644255707.5	10641720501.7	39065451248.7	51148159013.1	16022017201.6	949492425807	3004789392.28	1284118836.57	125726260227	14906095526.8	119548457206
Human toxicity (USEtox) | USEtox2008 | CTUh (Rosenbaum et al., 2008)	18411.8306034	2425.90833519	683668.821557	5973.52128459	2290.17697017	123826.986215	72846.4488289	172449.493741	23444.6261869	2290.4092977	581802.804965	2611.99123275	1717.99824736	185175.605143	42647.2074683	187878.529553	6337.41782901	4849.82473999	844355.359202	2976.83001165	1625.7755825	91332.6816174	56779.7146035	209085.249369	1241.71555447	853.80131268	91519.7162356	129.490009172	53.3473788993	20543.9334065	10620.3522943	21764.1730049	3879.29087118	676.101934349	191218.96469	1212.42529017	366.587693767	36696.0594338	11144.3385483	29597.1837903	8751.94986624	2653.74873322	726377.545865	2143.14224337	653.204901291	91441.9035636	12935.1806743	82322.6819487
Fresh water Ecotoxicity (USEtox) | USEtox2008 | CTUe (Rosenbaum et al., 2008)	11188828873.3	1451194628.13	380645346361	3536085446.82	1367717263.06	72267342494.8	49909852577.7	101573933957	14921477922.4	1392688888.75	344567355494	1580565839.11	1039886864.09	112316071411	28876700945	114537295673	3572116619.89	2726872298.55	441843981958	1633561885.28	885092492.903	50025670993.8	38328578880.3	118758907842	734687851.859	489718584.396	51059463490.1	73157089.1929	30396105.9182	11735121915.9	7027707962.6	12540586833.3	2233416757.78	382178901.077	105739758846	688302955.15	210697833.884	20659792375.5	7011953559.96	17003537113.3	4644104282.22	1371636141.55	355909911831	1078108289.64	332142291.715	45682374625.9	7222368398	41944273671.1
EPS | Damage Approach | EPS (Steen, 1999))	69019438699.4	6696058938.09	2.05110236697e+12	15298634442.3	5729703690.75	331004416988	95132523767.1	449531195988	57410452522.6	5484415597.39	1.18376077966e+12	5279660915.58	3596490171.1	363896917349	49050355612.6	366473452189	18868195898.2	13191287872.1	2.51905181068e+12	7955120869.46	4603595512.37	238742990599	65701377593.6	507242374793	3825425299.25	2161738703.21	245522641503	339582890.525	138068196.396	51996734465.2	15149972392.2	54435518484.9	10189580629.7	1613295091.83	485189996470	2803117728.97	846880540.228	88628824517.1	18127694469.9	67589766107.1	32394374856.1	9810680640.16	2.4744647643e+12	6876081048.41	2136970037.1	297313463499	33292386359.5	256743715950
Carcinogenic effects on humans (H.A) | ECOINDICATOR 99 (H.A) | Carcinogenic effects on humans (H.A)	5616.17625971	717.27378885	179815.23216	1764.30187883	692.757620855	36133.2579913	34460.5873644	51185.3526455	7587.90868849	645.600313451	152456.094401	709.585154949	455.984483383	52260.9005169	18391.099443	53525.901278	1985.67661447	1430.73030069	232855.767665	880.96440321	468.693519178	27778.8966096	27809.7071223	69052.781438	363.971608148	247.952080265	23917.3216324	36.1881628055	15.248048375	5832.35903352	4685.82969699	6474.25964462	1190.88768647	198.681498586	50724.4494227	356.807528391	114.22909517	10495.7253156	4438.58609658	9089.38961472	2767.9271594	851.913668471	203625.856657	625.859800185	195.517946259	26750.5882334	4739.45297104	24884.5180748
Respiratory effects on humans caused by organic substances (H.A) | ECOINDICATOR 99 (H.A) | Respiratory effects on humans caused by organic substances (H.A)	81.2688063625	17.3759327071	1541.56729354	15.3879766844	6.36999897644	297.999364712	104.549081961	407.439052215	92.5823184282	27.4748327104	1705.68563878	7.87538076109	6.16252288076	546.216084332	73.1380099948	525.149761224	17.2617572456	28.0612705049	1656.07309463	8.19151945337	5.41812883061	193.669563181	60.2210127383	411.355362831	4.01768306788	1.94260542823	182.294077031	0.262307581083	0.106150222097	44.3195809791	13.5373286786	44.4640836936	11.8661717504	3.08953662815	365.349220955	2.49336816189	0.829115210757	72.902728755	16.5337172132	64.0299664141	31.9351308192	29.3973614111	1552.738305	4.82510249022	1.87898772639	197.547717962	22.4558249229	184.972010761
Respiratory effects on humans caused by inorganic substances (H.A) | ECOINDICATOR 99 (H.A) | Respiratory effects on humans caused by inorganic substances (H.A)	3316755596.06	421387662.399	123592106836	1023096920.33	386709761.892	21345643366.6	8097805660.36	29578514878.1	4097624858.92	416745980.875	110314687702	483127868.41	321043632.988	33716760666.3	5495923276.36	34009480662.8	1086988985.71	843941257.123	150592039970	514599937.5	284079416.403	15567451002	6030284602.58	33716793849.3	224702838.156	149281472.21	16899762300.7	23069599.4217	9382059.50728	3644993855.91	1304053521.73	3746953735.68	692005973.871	118608073.678	35380979152.7	214235162.286	62881037.6988	6545011187.31	1554451707.87	5087249406.58	1501350433.03	421108318.482	126686597459	367813451.489	110307129.065	15638938181.2	1888006661.82	13873099763.6
Damages to human health caused by climate change (H.A) | ECOINDICATOR 99 (H.A) | Damages to human health caused by climate change (H.A)	31987.0392032	1582.16884595	173266.514193	1691.90603277	686.350871355	35577.402086	15584.8181374	48948.0754171	23826.6739806	2149.51341635	157607.321459	777.912561283	580.18280016	54564.0563511	8885.83086407	53092.9330861	4889.1047099	2627.03603801	205228.995747	903.912546196	573.52480621	24505.1667422	9498.28452052	53625.4955508	1111.66447446	213.919399002	19684.944531	29.2072057202	12.2291286698	5034.36198363	1891.81694468	5112.94977	2677.59332154	263.872097384	39563.8654598	302.674718289	120.899185612	8473.23975668	2132.99393369	7700.06979187	10121.2555516	3025.87449015	187729.904274	591.966462982	251.026425649	24860.8006956	2963.39854294	23535.815499
Damage to Ecosystem Quality caused by ecotoxic emissions (H.A) | ECOINDICATOR 99 (H.A) | Damage to Ecosystem Quality caused by ecotoxic emissions (H.A)	3316787844.75	421390850.262	123593790618	1023109499.53	386714360.451	21345910065.8	8097865791.99	29578885414.3	4097660708.89	416748234.827	110315948477	483133376.097	321047189.867	33717134418.3	5495967211.68	34009861725.8	1087000499.18	843948891.613	150593981445	514605844.908	284082645.64	15567632491	6030323536.51	33717176181.8	224705240.247	149283280.112	16899982118.5	23069891.2678	9382177.42189	3645038305.15	1304064732.35	3746999572.64	692012968.609	118609330.791	35381426325.2	214237656.864	62881733.382	6545089849.03	1554466519.97	5087307342.03	1501366206.26	421102186.374	126688292543	367818077.024	110308344.772	15639138901.1	1888028164.22	13873272347.8
Damage to Ecosystem Quality caused by the combined effect of acidification and eutrophication (H.A) | ECOINDICATOR 99 (H.A) | Damage to Ecosystem Quality caused by the combined effect of acidification and eutrophication (H.A)	25847213598.3	214755125.957	51008145913.2	475303577.204	172392063.84	11240666605.1	4447493632.53	16579065943.6	22914468398.8	236671206.554	55670171315.1	254843007.132	166647708.232	20445020243.7	3059262865.97	19649918567.4	3839323939.28	347234463.725	54050985986.9	196232195.852	109007984.869	6655067414.25	2577092161.39	14657725619.8	1116337041.23	63742407.0824	6344734416.03	9011889.94706	3856903.1123	1537776108.12	571264421.608	1592969784.14	2232583357.27	55172693.1148	13689352266.8	126637210.653	64608017.4903	2893203929.22	714246809.534	2796634975.75	5934456521.19	250000237.688	41111540298.9	139340449.149	67380647.3596	5825962823.86	682590330.997	5799118637.3
Carcinogenic effects on humans (E.E) | ECOINDICATOR 99 (E.E) | Carcinogenic effects on humans (E.E)	5616.17625971	717.27378885	179815.23216	1764.30187883	692.757620855	36133.2579913	34460.5873644	51185.3526455	7587.90868849	645.600313451	152456.094401	709.585154949	455.984483383	52260.9005169	18391.099443	53525.901278	1985.67661447	1430.73030069	232855.767665	880.96440321	468.693519178	27778.8966096	27809.7071223	69052.781438	363.971608148	247.952080265	23917.3216324	36.1881628055	15.248048375	5832.35903352	4685.82969699	6474.25964462	1190.88768647	198.681498586	50724.4494227	356.807528391	114.22909517	10495.7253156	4438.58609658	9089.38961472	2767.9271594	851.913668471	203625.856657	625.859800185	195.517946259	26750.5882334	4739.45297104	24884.5180748
Respiratory effects on humans caused by organic substances (E.E) | ECOINDICATOR 99 (E.E) | Respiratory effects on humans caused by organic substances (E.E)	26499.4152431	4252.71888193	693918.791601	5751.02532246	2251.84595873	122707.374545	46280.7300332	162485.994643	25344.5192835	4205.66876254	453246.775361	2049.83546511	1525.43280928	145141.515288	24170.572697	143006.033823	7300.42678373	7006.05214011	876694.291437	3175.23630696	1916.19459403	90664.8855674	33486.2293872	193999.93219	1500.46498472	809.692612588	83157.8056898	119.633547316	48.884403447	19217.1866134	6789.2132541	19812.5467007	4120.13731457	699.137793889	163270.81865	1018.44936574	323.529725711	31662.6769513	7519.8188994	25418.1519228	12587.9946798	15145.9340289	856757.627108	2535.88927129	951.490375394	106383.002593	12578.9012007	93778.2698728
Respiratory effects on humans caused by inorganic substances (E.E) | ECOINDICATOR 99 (E.E) | Respiratory effects on humans caused by inorganic substances (E.E)	154955.825923	2689.43250725	531830.700403	4952.85368711	1879.85407227	111372.76311	55934.6766646	158323.198208	139107.863355	2860.92455383	487296.779995	2252.55226827	1532.05085124	174657.681062	32162.7930382	170053.783267	24213.5735562	4500.51139668	597861.732919	2243.19556224	1291.85154184	70815.7499903	35331.0311423	157601.391454	6816.23730315	654.400344429	64526.7214984	93.5410802721	39.5265545745	15694.1883319	7028.57149941	16380.3722021	14141.8235479	578.167529007	134151.298916	1099.61856502	491.042442188	28140.437571	7816.40755571	25687.6658149	37922.8174292	4815.56962681	510711.307602	1619.13884512	675.002214455	68245.7858704	8798.74901508	64543.9607274
Damages to human health caused by climate change (E.E) | ECOINDICATOR 99 (E.E) | Damages to human health caused by climate change (E.E)	31987.0392032	1582.16884595	173266.514193	1691.90603277	686.350871355	35577.402086	15584.8181374	48948.0754171	23826.6739806	2149.51341635	157607.321459	777.912561283	580.18280016	54564.0563511	8885.83086407	53092.9330861	4889.1047099	2627.03603801	205228.995747	903.912546196	573.52480621	24505.1667422	9498.28452052	53625.4955508	1111.66447446	213.919399002	19684.944531	29.2072057202	12.2291286698	5034.36198363	1891.81694468	5112.94977	2677.59332154	263.872097384	39563.8654598	302.674718289	120.899185612	8473.23975668	2132.99393369	7700.06979187	10121.2555516	3025.87449015	187729.904274	591.966462982	251.026425649	24860.8006956	2963.39854294	23535.815499
Damage to Ecosystem Quality caused by ecotoxic emissions (E.E)) | ECOINDICATOR 99 (E.E) | Damage to Ecosystem Quality caused by ecotoxic emissions (E.E))	3316787844.75	421390850.262	123593790618	1023109499.53	386714360.451	21345910065.8	8097865791.99	29578885414.3	4097660708.89	416748234.827	110315948477	483133376.097	321047189.867	33717134418.3	5495967211.68	34009861725.8	1087000499.18	843948891.613	150593981445	514605844.908	284082645.64	15567632491	6030323536.51	33717176181.8	224705240.247	149283280.112	16899982118.5	23069891.2678	9382177.42189	3645038305.15	1304064732.35	3746999572.64	692012968.609	118609330.791	35381426325.2	214237656.864	62881733.382	6545089849.03	1554466519.97	5087307342.03	1501366206.26	421102186.374	126688292543	367818077.024	110308344.772	15639138901.1	1888028164.22	13873272347.8
Damage to Ecosystem Quality caused by the combined effect of acidification and eutrophication (E.E) | ECOINDICATOR 99 (E.E) | Damage to Ecosystem Quality caused by the combined effect of acidification and eutrophication (E.E)	25847213598.3	214755125.957	51008145913.2	475303577.204	172392063.84	11240666605.1	4447493632.53	16579065943.6	22914468398.8	236671206.554	55670171315.1	254843007.132	166647708.232	20445020243.7	3059262865.97	19649918567.4	3839323939.28	347234463.725	54050985986.9	196232195.852	109007984.869	6655067414.25	2577092161.39	14657725619.8	1116337041.23	63742407.0824	6344734416.03	9011889.94706	3856903.1123	1537776108.12	571264421.608	1592969784.14	2232583357.27	55172693.1148	13689352266.8	126637210.653	64608017.4903	2893203929.22	714246809.534	2796634975.75	5934456521.19	250000237.688	41111540298.9	139340449.149	67380647.3596	5825962823.86	682590330.997	5799118637.3
Carcinogenic effects on humans (I.I) | ECOINDICATOR 99 (I.I) | Carcinogenic effects on humans (I.I)	551.85016494	75.7950229425	20622.1740191	180.687986197	69.5174582298	3787.83270635	2508.7746998	5312.92101183	675.014001732	66.7126472243	15809.3413616	71.853187958	47.2453194591	5157.18096817	1365.8922321	5262.05735471	197.443985484	151.299536961	26229.796555	92.2965104801	50.6016198319	2858.61203581	1975.72651523	6671.16051905	36.9771102293	25.7738269636	2680.25871416	3.87701162118	1.60740013796	615.001124691	354.723310041	662.219135667	114.932844443	20.2843874207	5561.72229504	35.9787764695	11.0666231632	1092.31919699	359.067061031	899.485419063	281.189983448	97.4576855801	23644.6373444	69.5245274457	21.4392741602	2982.39435136	436.523177201	2689.17753987
Respiratory effects on humans caused by organic substances (I.I) | ECOINDICATOR 99 (I.I) | Respiratory effects on humans caused by organic substances (I.I)	116.971605777	18.2414785057	1556.51194485	15.8318350589	6.59620612046	302.756002904	103.813433001	415.574732563	116.228239315	28.5020793095	1736.46621634	8.11924550549	6.36732106247	559.758362289	73.8898869047	537.522507157	21.6423628193	29.4508085141	1663.0831772	8.42162558479	5.62925526992	195.363466414	59.7841917631	418.599277653	5.07502880814	1.95564508269	181.324185322	0.262016765887	0.106363911318	44.444951025	13.4320586785	44.6250851285	13.8671914711	3.10363353745	361.704807568	2.51497252324	0.865233196353	72.4668573959	16.3573306424	64.614251305	41.1606626	31.031302895	1534.55048966	4.83061079981	1.95286523102	196.714216816	22.239708787	185.925510341
Respiratory effects on humans caused by inorganic substances (I.I) | ECOINDICATOR 99 (I.I) | Respiratory effects on humans caused by inorganic substances (I.I)	104098.096659	4186.2668133	740582.880797	6315.98154805	2431.67487757	137632.626503	50091.7642917	187771.347806	93660.7604006	4149.98099894	552434.745649	2510.52921705	1799.41324023	185101.693587	28937.197521	181067.581884	18209.9268788	6916.58146321	892217.078507	3239.88605577	1935.05822732	95242.8662162	34448.7915516	205029.355143	4787.13545179	869.008673534	89084.4221075	127.425443299	52.6242509976	20732.1754825	7226.84274506	21384.0987798	10399.8008843	738.948488175	178027.947004	1233.18445895	467.149297007	35170.2406701	8273.95943859	29646.1569785	28940.7780539	13098.3926596	829260.667571	2506.18555045	988.51192943	104970.707386	12312.0430172	94536.9189297
Damages to human health caused by climate change (I.I) | ECOINDICATOR 99 (I.I) | Damages to human health caused by climate change (I.I)	31398.2356623	1544.63540837	167470.907522	1640.77917734	666.503733207	34399.4430096	14976.6868259	47343.3952939	23346.9383366	2100.48681646	153027.672863	756.050314287	564.523152148	52979.4699881	8578.40690201	51522.0661341	4780.36725491	2562.93804701	197903.151521	876.0804091	557.192492442	23642.9752453	9121.83833294	51777.7592849	1087.93181719	206.652915202	18983.3461644	28.1749282887	11.7988596764	4858.55497262	1818.57802312	4934.05908165	2614.22338135	255.654603562	38128.0444252	292.402466689	117.205839605	8165.07013587	2051.55542148	7435.73532562	9906.96407997	2948.68181623	180687.301374	570.905675302	243.313684626	23951.1230834	2850.7337806	22707.0253749
Damage to Ecosystem Quality caused by ecotoxic emissions (I.I) | ECOINDICATOR 99 (I.I) | Damage to Ecosystem Quality caused by ecotoxic emissions (I.I)	454216881.48	55648559.4926	16075661444.9	134664855.724	50989389.3212	2800601329.3	1102007476.85	3886915735.46	540458266.675	53365844.9365	13761244021.5	61555946.6345	41170599.3851	4267017624.61	718329002.747	4324582797.23	135688446.503	105098052.298	18309123232.6	62946540.9188	35054185.9864	1886421408.78	781878933.896	4144407262.04	29554623.4031	18928904.2856	2131172788.38	2917626.17301	1191784.37966	460760730.043	171345712.181	475994364.967	85808653.4899	14506404.2297	4349154776.41	26143777.7877	7707805.20087	804056129.435	194650973.456	625287774.14	187603175.211	51899000.036	15088096457.4	43724462.6959	13250946.083	1856438489.76	229487286.931	1648098821.83
Damage to Ecosystem Quality caused by the combined effect of acidification and eutrophication (I.I) | ECOINDICATOR 99 (I.I) | Damage to Ecosystem Quality caused by the combined effect of acidification and eutrophication (I.I)	25847213598.3	214755125.957	51008145913.2	475303577.204	172392063.84	11240666605.1	4447493632.53	16579065943.6	22914468398.8	236671206.554	55670171315.1	254843007.132	166647708.232	20445020243.7	3059262865.97	19649918567.4	3839323939.28	347234463.725	54050985986.9	196232195.852	109007984.869	6655067414.25	2577092161.39	14657725619.8	1116337041.23	63742407.0824	6344734416.03	9011889.94706	3856903.1123	1537776108.12	571264421.608	1592969784.14	2232583357.27	55172693.1148	13689352266.8	126637210.653	64608017.4903	2893203929.22	714246809.534	2796634975.75	5934456521.19	250000237.688	41111540298.9	139340449.149	67380647.3596	5825962823.86	682590330.997	5799118637.3
Unused Domestic Extraction	144287.143175	41066.0581339	1637812.4019	22676.5559102	11408.7719533	312388.952489	71336.2736421	373630.384545	164169.790142	123295.832715	3084778.89622	36157.3434019	16939.5499032	1005268.85278	104823.893258	867208.934043	26121.7569871	61464.1599919	1820656.23016	14741.2268305	10310.2851844	208790.947816	47867.3649745	399746.099002	4886.61058917	1818.62176412	129543.63559	198.737690784	81.3080844819	34138.5448626	8354.68138516	32850.1666725	14229.0884523	7172.92609305	277760.735284	2031.78793877	813.072027985	55948.824057	11347.0683333	49383.5734646	56194.0852403	146344.997093	1847591.66742	6941.9608176	4506.60534571	244788.324706	25871.8719727	238259.493816
Water Consumption Green - Agriculture	191854.75773	677.486687441	204274.290844	1819.20880742	660.547284467	45943.927879	11163.0786826	54431.4907143	117147.993703	661.162673408	195518.830898	799.573365518	504.313759913	73605.6581431	8245.37522049	63108.4457232	23442.8201093	1060.81735699	187994.540043	669.79342102	361.626350262	24164.1459179	5599.83756119	44847.2319834	5460.01733901	198.857841612	18783.7546213	26.89603328	11.731947723	4692.44422984	1257.24494988	4598.19337926	11563.4467609	162.44696955	41035.9424049	485.81716128	298.140337872	8749.41843908	1869.84311075	8859.1010548	52725.8621361	715.461836698	202936.831571	736.710027813	453.874476674	30827.3551141	3035.22391067	32618.5762258
Water Consumption Blue - Agriculture	27270.0031028	100.016108943	31399.1503202	262.503396812	91.1834632421	6948.63669014	1718.83700761	8433.28184797	25780.1021783	97.1810539302	30555.4575526	135.821558536	85.8908926591	12555.3921239	1377.57957385	10401.8610821	4371.84374827	161.099274647	33686.1484506	109.678676301	60.4701112692	4109.06419105	908.470054699	7589.09016229	1322.61661175	34.1723733505	3401.90461481	4.83989843538	2.07397872826	834.317507437	223.466136943	828.936022915	1837.63120734	26.3235369889	7226.68355554	70.7789958989	37.8045571868	1571.21499883	328.039706425	1431.84163671	5199.63930708	100.688786545	27542.8457731	88.8317065571	41.5792100468	3865.51298669	392.747559972	3690.23067383
Water Consumption Blue - Livestock	753.345340857	2.73657671273	841.182293867	7.38488684441	2.66989952599	187.074010242	45.144469604	223.135429673	458.582203413	2.8441703342	853.881773565	3.43291788818	2.17348248835	313.894197727	34.9245964216	270.392362211	88.5455494282	4.17753269319	750.834435169	2.65901053132	1.4307112777	95.9933249743	22.2901529261	178.112869445	20.6913169982	0.816100895298	77.3436850585	0.110293145476	0.0478290403395	19.0000984085	5.0665559925	18.7885987236	50.9261043226	0.709756634319	175.438644823	2.17790880667	1.37618388303	37.2828057981	7.99600632723	38.7855306926	232.31402601	3.10540621496	895.879921053	3.2742131845	1.99821063154	136.341234514	13.368551549	144.716786314
Water Consumption Blue - Manufacturing	82.9572013298	8.93325939862	3674.69744578	25.8748103444	9.93960105022	567.802641909	159.071650587	743.422986096	49.1836886139	4.11180401789	1373.62268799	5.97697090164	3.98437095608	413.53803776	55.6017406854	414.929197928	30.6855308819	20.7059646125	4840.37999008	14.5995808703	8.19107990516	444.470368607	120.943715665	941.443600062	4.90658399054	3.49897075589	401.283576526	0.563254039452	0.230507694724	84.6134698358	24.4866639425	89.3346080382	13.4827827094	2.37308487636	781.771371705	4.36991039319	1.29790375725	141.800765468	28.501131794	106.052069037	53.412852242	15.7717981354	5035.48787523	13.8796853879	4.20695458356	604.466454948	67.3347589158	514.175301154
Water Consumption Blue - Electricity	3.95592134516	0.730478553907	62.3704533306	0.659935728196	0.249847861811	17.6869555167	6.72964232839	28.2126207562	6.0477404323	0.941435196488	98.6737064489	0.438889086342	0.344218342304	35.3938915793	5.78301662957	38.6796937801	1.11003131874	1.11602534317	82.8944064287	0.401469762058	0.225561020167	14.6418144356	5.14242250636	32.0822897594	0.256525460778	0.11397528645	9.71790241033	0.0145564174569	0.00625944395319	3.05551106985	1.00326259287	2.84586582356	0.82815147113	0.13070034384	22.2191182155	0.182385129556	0.0608479784167	5.85434069237	1.33277241817	5.64794427513	1.1834495585	0.405749645787	62.5660286037	0.204927396932	0.0649411118588	9.38035406126	1.12202191911	9.67990942785
Water Consumption Blue - Domestic	0	0	0	0	0	0	0	0	0	0	0	0	0	0	0	0	0	0	0	0	0	0	0	0	0	0	0	0	0	0	0	0	0	0	0	0	0	0	0	0	0	0	0	0	0	0	0	0
Water Consumption Blue - Total	28110.2615664	112.416423609	35977.4005132	296.423029729	104.04281168	7721.20029781	1929.78277013	9428.0528845	26293.9158108	105.078463479	32881.6357206	145.670336412	92.3929644458	13318.218251	1473.88892758	11125.862336	4492.1848599	187.098797296	39360.2572823	127.338737465	70.3174634722	4664.16969907	1056.8463458	8740.72892155	1348.4710382	38.6014202881	3890.2497788	5.52800203776	2.35857490728	940.986586752	254.022619471	939.9050955	1902.86824584	29.5370788434	8206.11269029	77.5092002283	40.5394928055	1756.15291079	365.869616965	1582.32718072	5486.54963489	119.971740541	33536.779598	106.190532526	47.8493163737	4615.70103021	474.572892356	4358.80267073
Water Withdrawal Blue - Manufacturing	356.338583649	38.1158412336	15408.5922673	111.068800843	40.5839322056	2433.24173024	666.978286489	3326.1562222	328.22074038	25.3950537022	9266.46866308	41.417648232	27.0345327815	2785.92928814	369.153558968	2830.65932067	124.718483381	83.1044698474	19702.3562065	59.3388543245	33.2818198826	1829.32541269	483.937861695	3890.76397303	24.5669140983	16.736434476	1952.92286985	2.66889214468	1.08340513116	404.675504661	115.454927718	423.898009226	68.5394907488	11.9342077258	3931.20740638	22.1887891038	6.4456836646	706.949497533	142.595950706	529.406278381	195.650100795	55.9819125025	18527.1733334	51.1149365198	15.3367212352	2216.3869479	246.72942846	1903.19047246
Water Withdrawal Blue - Electricity	338.573012837	69.0001794641	5072.58283004	55.5298037477	21.1560133691	1474.81010011	575.488940485	2294.27154253	495.756139157	71.8449472785	7125.73681979	32.9985260387	28.9482256299	2581.02830059	401.113362805	2742.44803468	83.2274902774	95.1476166743	5655.08916189	28.6445238387	17.4059217279	946.660450098	307.347218647	2027.65748127	21.9759739419	8.43558064157	718.737489415	1.07779994969	0.46298889757	219.984454398	68.9444958778	206.03262354	51.6649512445	8.26610380289	1492.26768256	11.9822418589	3.91497327646	398.740820026	87.0961514068	377.270836416	53.2062490102	21.5509954035	2948.81801481	9.33200912642	3.01056676535	422.738365301	49.9897126741	425.944880952
Water Withdrawal Blue - Domestic	0	0	0	0	0	0	0	0	0	0	0	0	0	0	0	0	0	0	0	0	0	0	0	0	0	0	0	0	0	0	0	0	0	0	0	0	0	0	0	0	0	0	0	0	0	0	0	0
Water Withdrawal Blue - Total	694.911596486	107.116020698	20481.1750973	166.598604591	61.7399455748	3908.05183035	1242.46722697	5620.42776473	823.976879537	97.2400009807	16392.2054829	74.4161742706	55.9827584114	5366.95758873	770.266921772	5573.10735536	207.945973659	178.252086522	25357.4453684	87.9833781631	50.6877416105	2775.98586278	791.285080342	5918.4214543	46.5428880402	25.1720151175	2671.66035927	3.74669209437	1.54639402873	624.659959059	184.399423595	629.930632766	120.204441993	20.2003115287	5423.47508894	34.1710309627	10.3606569411	1105.69031756	229.692102113	906.677114797	248.856349806	77.532907906	21475.9913483	60.4469456463	18.3472880005	2639.1253132	296.719141134	2329.13535342
Carbon dioxide (CO2) IPCC categories 1 to 4 and 6 to 7 (excl land use, land use change and forestry)	27025.5267113	3598.37980449	536343.981494	4720.82420849	1837.77232979	108081.696733	58134.7868983	148570.192882	28766.5253424	4735.38070514	416903.854734	2015.00906998	1455.33684899	143437.766867	28935.478581	143612.354474	6913.79242149	6153.61088146	691722.244958	2632.43113134	1551.67797554	80950.4318066	36298.24665	174495.121668	1503.28520254	683.774382816	66070.2870799	97.3746531121	40.4826139201	16549.770586	7030.9861287	16883.0964059	4144.52740195	783.202203699	134570.307971	925.00646578	307.903929602	28902.9851019	7727.8650495	24515.1044588	11249.0771934	7505.23795286	660073.451828	1947.11778672	678.131620634	84302.9335771	10597.8221934	75922.0543735
Methane (CH4) IPCC categories 1 to 4 and 6 to 7 (excl land use, land use change and forestry)	3638.62442256	176.092402926	10568.2736645	130.060228674	57.3337176239	2206.39148456	567.416527182	3146.55576198	2629.06145666	249.345869237	12858.0341299	67.8251672246	54.1391853877	4436.37914417	503.504561625	4205.70765196	489.704265651	283.693446109	10563.4094457	68.427293281	50.1266124548	1311.09084558	324.959607341	3086.37470413	116.892518822	12.7715692416	1014.51951167	1.55242934996	0.656932542483	277.163858956	72.4264488868	280.872059327	249.054294881	19.6051693761	1894.22043222	17.0333320349	8.231485341	402.983148921	84.7414850895	436.35456595	1014.382898	311.733997835	7850.89988735	29.7161848464	17.7560146369	1128.3776464	117.595085314	1205.77968429
Nitrous Oxide (N2O) IPCC categories 1 to 4 and 6 to 7 (excl land use, land use change and forestry)	0.857141794646	0.0505670863608	8.91083216099	0.08808481575	0.0349453035045	2.04583162256	1.72221954368	2.84497437088	0.807698644162	0.0637769332948	7.62011867234	0.0352614949644	0.0234437959834	2.6999444705	0.680047031434	2.72716900929	0.138142944394	0.0753524992212	9.03953813018	0.0357247027094	0.0199338744308	1.19858536749	0.696802765782	2.59705976462	0.037319006504	0.0109933714561	1.02612720633	0.00153425241931	0.000640987013758	0.267206239366	0.145231111907	0.27500356453	0.106734345679	0.0117315472419	2.09714320382	0.0162131803842	0.00603911046094	0.466027071241	0.153234759274	0.411330942208	0.317055987168	0.136604148053	10.0419440094	0.0308720366587	0.0114861884965	1.32183904178	0.181455380958	1.23232786987
Carbon dioxide (CO2) CO2EQ IPCC categories 1 to 4 and 6 to 7 (excl land use, land use change and forestry)	27025.5267113	3598.37980449	536343.981494	4720.82420849	1837.77232979	108081.696733	58134.7868983	148570.192882	28766.5253424	4735.38070514	416903.854734	2015.00906998	1455.33684899	143437.766867	28935.478581	143612.354474	6913.79242149	6153.61088146	691722.244958	2632.43113134	1551.67797554	80950.4318066	36298.24665	174495.121668	1503.28520254	683.774382816	66070.2870799	97.3746531121	40.4826139201	16549.770586	7030.9861287	16883.0964059	4144.52740195	783.202203699	134570.307971	925.00646578	307.903929602	28902.9851019	7727.8650495	24515.1044588	11249.0771934	7505.23795286	660073.451828	1947.11778672	678.131620634	84302.9335771	10597.8221934	75922.0543735
Methane (CH4) CO2EQ IPCC categories 1 to 4 and 6 to 7 (excl land use, land use change and forestry)	87010.5301725	4385.06526702	259109.457202	3205.51572497	1416.17163246	54012.0137031	13898.0217778	77276.7619897	63352.1326705	6216.53523941	316621.006391	1675.63540789	1340.54741968	109134.656274	12383.1790707	103565.837224	11752.7791597	7064.27750339	259354.458056	1693.42929198	1243.88366115	32166.5848623	7977.87601474	75981.8041398	2814.78798522	314.34684587	24890.0432392	38.1358962155	16.1289426725	6810.06425112	1778.51559376	6906.26537729	5956.63849144	485.987297206	46311.3523346	413.696029906	198.351153052	9853.15495049	2071.72357282	10685.6972781	24098.677871	7775.09129857	191153.564562	724.313715194	432.760145251	27429.7747326	2863.04423102	29326.3531221
Nitrous Oxide (N2O) CO2EQ IPCC categories 1 to 4 and 6 to 7 (excl land use, land use change and forestry)	47399.9865232	220.627080791	63416.2501519	574.449978308	215.095693417	14291.1168804	3938.92693227	17382.4165154	28543.5868502	222.974504921	59842.5698805	248.833696345	161.138254132	21960.4656258	2639.51885715	19608.7969408	5879.91017769	356.914144898	59084.6571533	216.302198693	116.577565254	7636.55886336	1949.32811624	14810.480294	1292.81888893	62.189255904	5943.28497358	8.50127062192	3.6999151333	1498.49155464	426.454762048	1459.14144444	3246.85589156	52.8678924473	13071.3176486	149.507797677	90.4365421524	2778.24743577	603.681526936	2782.72571924	15124.3460669	258.351112028	64010.1761707	230.80346603	136.214314587	9687.53184815	969.921893465	10119.4504065
Carbon dioxide (CO2) Fuel combustion and cement	25807.56644	3558.60819902	523854.152417	4631.2497243	1804.8706837	106025.022991	57577.1003554	145806.799412	27834.9266323	4702.73960105	409199.483974	1983.7879346	1434.24996392	141037.397722	28637.0182632	141267.856764	6711.01862517	6070.34787527	675357.810193	2581.15142932	1522.31738697	79336.5715881	35877.4156767	171079.366909	1454.04855328	670.395720324	64594.0343747	95.3082130266	39.6431200961	16231.4676881	6942.26386708	16547.0826332	3978.13132694	772.382455848	131465.66706	903.814395974	299.78528538	28311.8655485	7606.39669559	24023.8036882	10587.0637657	7446.14612259	641777.654693	1894.88248884	660.845077642	82038.902433	10350.1635239	73899.6100238
Carbon dioxide (CO2) Fuel combustion	24326.365643	3352.53773969	465455.298835	4213.86146106	1648.98137373	96747.4480761	55013.973703	133524.836927	26664.2363408	4565.96707192	382508.687041	1862.29320736	1345.62011305	132694.532805	27540.8368155	132992.048611	6191.01771352	5647.19588088	596453.400541	2337.04741735	1377.38277401	71967.2594796	33963.8417534	155681.093831	1357.61155447	609.250527268	57702.3575806	85.6387168479	35.7035101906	14753.6182671	6522.63777463	15001.2098104	3733.09808449	728.730136355	117936.378401	827.09391612	276.880421412	25793.567343	7106.45200757	22128.0311036	9773.21362309	7191.25545934	563765.697874	1681.73029768	595.694402367	72700.1374632	9309.17269508	65960.860078
GHG emissions (GWP100) | Problem oriented approach: baseline (CML, 1999) | GWP100 (IPCC, 2007)	162457392178	8329672278.47	879103778500	8664414766.11	3531136219.88	179998838246	77003057940.5	250026675456	121671785244	11523256359.3	811600605813	4022811911.97	3004911651.02	280228577695	44665655499.5	273330474680	24797883709.2	13824904358.9	1.03865182379e+12	4648790880.54	2972761941.95	123781894304	47030014799.9	272175150062	5660938817.82	1086898281.67	99436373587.6	147648853.896	61807814.2192	25434628046.3	9392992398.62	25882691915	13602346840.8	1378920440.08	199597599017	1528772602.46	611761699.377	42646830556.6	10642304455.5	39067712721	51149286929	16023055486.1	949547266919	3004959809.91	1284185200.48	125733237408	14906888643.3	119554990226
GHG emissions (GWP100min) | Problem oriented approach: non baseline (CML, 1999) | net GWP100 min(Houghton et al., 2001)	156381024313	8069099337.32	874848414968	8554575538.8	3475399404.86	178889509172	78123056146.3	248230475417	117546798444	11121423420.2	798010999323	3942286007.54	2935518841.83	275494757557	44705399580.8	269004130698	24073168088.1	13417176719.1	1.03935722863e+12	4591594742.11	2918238642.11	123624011006	47849422519.9	271475932510	5485013829.7	1082181497.59	99442533271.8	147570314.016	61750219.3309	25375009508.4	9515405135.99	25844220331.5	13270595217.2	1359054106.3	200016481503	1524480299.25	605815618.095	42713916314.7	10751002609.9	38938156051.4	49621506087	15599743091.9	955792778537	3010763579.82	1271311902.03	126279077168	15051405394.2	119668363069
GHG emissions (GWP100max) | Problem oriented approach: non baseline (CML, 1999) | net GWP100 max(Houghton et al., 2001)	157176478047	8138872875.31	890101513733	8671583173.19	3520146697.51	181492089955	79145819692.9	251736864532	118183186701	11186169460.4	807420847089	3981777268.45	2963932534.38	278426603119	45171440472	271878783864	24251705584	13544702104.2	1.06022085154e+12	4660648066.86	2958314213.46	125726865532	48509003359.8	275891600101	5521750134.45	1099472084.55	101283473119	150191786.317	62814960.1742	25786748538.1	9650849303.15	26273338308.5	13388668708.1	1373741918.18	203826278796	1548765236.92	613896141.647	43444656107.8	10917579142.5	39526499685.7	50034134105	15806163064.9	977927491989	3074473210.23	1293096535.45	129015160377	15364425714.5	122072630254
GHG emissions (GWP20) | Problem oriented approach: non baseline (CML, 1999) | GWP20 (IPCC, 2007)	324574984030	16561838189.9	1.36383381712e+12	14668780797.3	6185139454.97	281019430826	102986085503	394616976105	239875795030	23191177320.4	1.40439669475e+12	7162474670.07	5518443597.11	484535707931	67840703482.4	467219340622	46706009668.8	27083154143.4	1.52361004871e+12	7821967360.42	5305397337.26	183924317426	61942658604.7	414339036393	10912047517.4	1675184985.05	145978222237	218982424.027	91975006.3388	38174326595.1	12718892478.9	38803488504.3	24693659041	2288878266.82	286099851907	2300697110.58	981423525.308	61052182312.6	14511288816.1	59037538421.6	95977721467.1	30604970662.1	1.30613039148e+12	4356890040.32	2092473793.38	176895626792	20247820900.8	174268882711
GHG emissions (GWP500) | Problem oriented approach: non baseline (CML, 1999) | GWP500 (IPCC, 2007)	78873341782.5	5176455294.89	668494584418	6159516031.01	2443125445.76	135562620457	65443824000.8	187996904278	63736036939.4	7104362469.06	562934355501	2739343605.17	1995698638.99	193842759538	34794769952.2	191996703910	13769740169.7	8749825396.35	830517268713	3370128114.26	2053350724.08	97811976121.6	40564123810.7	212402657538	3074918812.85	838897910.043	79313350571.4	117105069.904	48837925.209	19988853064.3	7953725146.7	20390525066.8	7889362690.86	1017843915.95	161226106241	1169845352.26	430395960.652	34483021813	8916677408.3	30323921298.7	27045229635.5	10524672544.9	786506102416	2392341486.3	918328007.333	102081270917	12458820635.7	94375494751.3
ozone layer depletion (ODP steady state) | Problem oriented approach: baseline (CML, 1999) | ODP steady state (WMO, 2003)	1460.29886433	312.22379083	27700.0373059	276.502706049	114.460919108	5354.67608467	1878.61631648	7321.17046949	1663.58853426	493.688400266	30649.0388218	141.510748051	110.732833014	9814.82026535	1314.1986171	9436.28477201	310.172200506	504.225954385	29757.5634192	147.191365178	97.3570024252	3479.99996341	1082.09632264	7391.54167588	72.192742626	34.9061912885	3275.59669665	4.71333934759	1.9073868033	796.367470718	243.248874694	798.96400387	213.22027364	55.5151112871	6564.86881404	44.802709159	14.8981639433	1309.97090732	297.090231176	1150.538459	573.834381907	528.233837856	27900.766418	86.7010603712	33.7630607086	3549.68555713	403.503104083	3323.71581836
human toxicity (HTP inf) | Problem oriented approach: baseline (CML, 1999) | HTP inf. (Huijbregts, 1999 & 2000)	162829047606	21113717408.6	6.64912964054e+12	52997198065.6	20090581277.3	1.12873098633e+12	571224274022	1.55133745176e+12	165080936753	16216112415	4.09101190284e+12	18463173338.4	12211663547.8	1.30421512701e+12	293747334966	1.32654481495e+12	57370887149.8	42824864386.9	8.33475079122e+12	27266825770.5	15290063777	837096518155	439477240939	1.88235786625e+12	10733451284.3	7506673550.14	815308145982	1159287117.66	476383235.126	179056923031	83189250416.5	192125960046	31486971192.4	5553695743.95	1.64035538962e+12	9973656117.17	3021153721.01	310255034933	87009127653.1	245489398469	90031428417.6	27224329918.1	8.04140129255e+12	22786419779.5	6957616249.45	984840896294	128549321868	864238082735
Freshwater aquatic ecotoxicity (FAETP inf) | Problem oriented approach: baseline (CML, 1999) | FAETP inf. (Huijbregts, 1999 & 2000)	134063919.422	16127666.9556	4766230462.7	38966140.8082	14855461.7392	836895737.405	478037326.406	1155096615.44	140332420.435	13195301.5838	3079812949.15	13853833.4442	9135152.92462	995773058.026	246433770.993	1012330957.34	46036004.6819	33372859.3542	6235436929.68	20874800.7709	11605956.5796	650305091.534	376445449.579	1475720279.29	8525395.2821	5611331.21289	594287530.144	856031.891449	353110.315352	133961373.8	68338299.6175	144008518.486	26012079.0794	4372429.97479	1220709289.93	7709033.51268	2388662.63783	236907404.705	71055852.2043	191760965.332	73665504.457	24107164.8145	6047926727	17357644.2329	5363307.3699	751063811.38	101102933.593	665327718.202
Marine aquatic ecotoxicity (MAETP inf) | Problem oriented approach: baseline (CML, 1999) | MAETP inf. (Huijbregts, 1999 & 2000)	333274949007	47007263990.1	1.16913349407e+13	105959342562	41084060481.8	2.22588264762e+12	1.69778934857e+12	3.12486756828e+12	420910424790	49847101010.3	9.13628061649e+12	42778374712.4	27401023414.7	3.06674698503e+12	910415619347	3.14025407158e+12	121325480784	98995965587.7	1.53704025368e+13	56497185007.9	30773262003.5	1.749854717e+12	1.36000669843e+12	4.16428306901e+12	22158750882.5	15356901230.2	1.5305615124e+12	2264836780.09	945827028.836	364416371537	236054695615	395518916422	69931024327.2	14397054155.6	3.19336091009e+12	21463349558	6749370907.33	647825828237	232659421050	548063599501	172508469423	115466131060	1.39368319281e+13	41921269593.3	13611803275.8	1.79041563654e+12	276102342245	1.63652884719e+12
Freshwater sedimental ecotoxicity (FSETP inf) | Problem oriented approach: non baseline (CML, 1999) | FSETP inf. (Huijbregts, 1999 & 2000)	247540434.107	28499712.3134	8068823704.64	68968102.6508	26527098.4655	1483464597.6	1032424006.81	2060411805.77	274939959.319	23552335.8059	5543327188.66	24915087.8268	16248935.0355	1831359758.59	532346823.21	1864363265.7	86668250.9921	60444087.4967	11070477336.9	38108514.8269	20845414.4013	1209384250.82	834373316.957	2803697352.84	15583904.2143	10067638.0028	1029332652.12	1513233.4901	628252.364385	239864519.938	144362440.368	260282173.526	49929660.5529	8031515.11633	2167859148.66	14345958.2724	4538221.77937	433903046.156	146463805.651	360922327.369	138120035.828	43838979.2585	10737600276.1	31335585.2492	9722803.83692	1357335944.03	194972003.895	1217165729.47
Marine sedimental ecotoxicity (MSETP inf) | Problem oriented approach: non baseline (CML, 1999) | MSETP inf. (Huijbregts, 1999 & 2000)	316797394766	43546267221.1	1.1062877946e+13	100924727617	39166084262.6	2.11243088684e+12	1.64662893365e+12	2.97254119309e+12	399448445431	41783227382.8	8.59319961032e+12	39921368447.5	25852584010.2	2.88575135679e+12	877219689855	2.954155636e+12	113755028701	88649240704.6	1.4355716854e+13	52337372792	28461335244.1	1.62973784585e+12	1.31200712147e+12	3.89899921281e+12	20928355213.3	14423061475.3	1.44074014247e+12	2132899961.83	891255007.118	341934401388	227433318142	372622240253	65786898657.4	12362665433.9	3.00447513423e+12	20196964291.1	6347224075.32	608116395219	222709880421	514078562181	161265364891	80057742319.7	1.2973810049e+13	38868646682.5	12343753449.8	1.66428055319e+12	260852282179	1.51978880875e+12
Terrestrial ecotoxicity (TETP inf) | Problem oriented approach: baseline (CML, 1999) | TETP inf.(Huijbregts, 1999 & 2000)	1070792052.09	140664224.104	40013807771.9	346989023.759	132626365.67	7191106249.48	3950971109.61	10012713825.7	1358419629.21	133580139.43	34304904236.6	153880729.074	101744717.227	10854660146	2358542487.23	11008469794.6	359079551.027	276738788.438	48253521144.5	169401946.97	92790896.7267	5171339511.7	3032915844.27	11761630541.7	72049987.2954	49303667.5677	5342806568.43	7503089.07498	3084847.89468	1188279966.04	581210837.414	1253448395	221667886.744	38686713.9021	11106664798	69580461.6784	20889796.9242	2112470174.26	616967437.073	1690895022.54	493961612.415	144108090.954	41165338631.9	120976831.096	36771411.1273	5156774599.14	714286165.893	4632497268.05
human toxicity (HTP20) | Problem oriented approach: non baseline (CML, 1999) | HTP 20 (Huijbregts, 1999 & 2000)	29332865605.5	4378896855.78	884436677698	10936741331	4445640671.14	215855704123	320235870925	313358678883	51856313709.7	4188339350.63	946923438736	4548526231.57	2820647105.52	349408024036	168537011116	360360813561	12373181940.7	8876598334.71	1.2549673719e+12	5474046899.23	2756846219.03	178281517475	264752777858	485252918880	2015544265.03	1529292728.57	127204790783	210910025.849	91440855.2758	35163671287.1	42235572440.2	40997047338.8	7504721259.73	1295628538.7	286438462091	2331607323.64	778592798.474	65559573344.5	37940949174.6	61596683164	15046308516.5	5042999967.01	1.02663162533e+12	3476815915.21	1106463085.06	147565888974	35197798569.1	145970893832
Freshwater aquatic ecotoxicity (FAETP20) | Problem oriented approach: non baseline (CML, 1999) | FAETP 20 (Huijbregts, 1999 & 2000)	30784664.1548	2495090.04173	875950138.616	6237513.73858	2322742.24382	144393935.614	54279842.5911	193827827.876	25884899.7679	1755333.6728	456223079.493	1874553.43892	1232661.4518	139766064.267	25103316.1899	139526635.352	10044781.1146	6126802.70421	1324309435.19	4111690.32785	2299989.70598	132789355.565	46556974.0027	282035422.238	1779017.58771	982805.966616	107968571.112	153692.965606	62544.6396447	23818419.1242	8463213.09558	25127810.5116	5782122.8617	789191.53045	230049292.637	1436186.95103	456904.148637	44327022.5872	10413095.3537	35091848.4607	19276231.3808	5114205.00781	1423887900.55	3996507.5998	1230442.09843	175262062.466	20377788.421	152509586.264
Marine aquatic ecotoxicity (MAETP20) | Problem oriented approach: non baseline (CML, 1999) | MAETP 20 (Huijbregts, 1999 & 2000)	1102400678.51	120137559.01	36569321375.7	296867375.89	113361457.295	6525998519.14	4088531984.69	8963916543.08	1129396311.52	92441042.2539	22665510240.6	99710858.5054	65042066.9538	7387261543.43	2042308700.99	7494396714.52	395659033.512	267215930.693	52150986970.2	173457301.057	95406311.7649	5556592419.39	3352061228.9	12591146090.3	68860389.4501	44229887.0242	4594503354.44	6721350.55552	2777290.19394	1057815405.05	579749412.104	1142780549.68	223786491.356	34975116.7361	9717495736.2	63338413.3274	20028622.3215	1930660662.28	606775100.354	1585920926.66	666435769.442	197030616.365	52789222128.3	151854144.595	46841591.2083	6616369961.74	896047383.775	5869200974.66
Freshwater sedimental ecotoxicity (FSETP20) | Problem oriented approach: non baseline (CML, 1999) | FSETP 20 (Huijbregts, 1999 & 2000)	92624851.9847	7679426.80771	2743170976.64	19311638.3295	7176330.08356	448934176.214	159781168.077	601535155.526	76614598.6017	5220041.91999	1400818361.24	5703041.41181	3761402.39151	425772707.992	72727630.2119	424618347.637	31003194.148	19010045.4874	4170301737	12860309.3993	7201972.49986	415920004.126	138039709.057	878854333.339	5411863.73879	3056397.60144	337618561.801	479507.979768	194855.994318	74170548.7278	25233275.7419	78116645.595	17685204.2231	2427033.74645	719928060.228	4465762.93494	1413118.65712	138292451.245	31639258.0307	108990647.142	59528260.5424	15377691.2305	4504107540.95	12607761.8244	3866529.0544	553421037.722	63652240.7813	480604510.145
Marine sedimental ecotoxicity (MSETP20) | Problem oriented approach: non baseline (CML, 1999) | MSETP 20 (Huijbregts, 1999 & 2000)	2725151209.4	283042044.371	92027295945	705752319.336	266824897.525	15842678558.1	8263137170.41	21553367529.5	2565913099.59	205894491.94	52478469885	224649513.498	147211315.348	16671067681.6	4014877347.29	16830983221.6	989662189.527	655993264.369	134777524862	433872327.056	240477245.073	13951326162.8	6871429237.57	30750185601.8	169271686.63	107525966.84	11452785065.3	16557616.0535	6796310.08615	2586355198.99	1206866369.31	2767604141.53	553791326.09	84667719.2664	24276081294.8	154537194.399	48573312.6614	4754772128.25	1332820828.52	3837002196.45	1742767839.29	495187849.316	140344478095	398488574.795	122281602.074	17424816903.7	2205415823.68	15303508912
Terrestrial ecotoxicity (TETP20) | Problem oriented approach: non baseline (CML, 1999) | TETP 20 (Huijbregts, 1999 & 2000)	4781400.68892	662985.026982	177821271.271	1653224.25832	646535.234751	34423346.1048	31494818.9166	48185091.4059	6000619.1377	548707.560507	123019322.523	582289.984421	374866.988108	42903896.1248	15975951.6301	44041883.7344	1832912.50052	1354681.52279	233505013.883	846553.654443	457444.608181	26720208.8927	25419648.7999	65799935.5975	316425.735472	230636.79534	22295494.7692	33960.1657885	14304.1737993	5396005.28865	4259444.55975	6044145.7464	1013841.57654	182409.957167	46277777.7011	319073.226142	102090.317014	9559942.4341	3995759.25098	8217763.53053	2679219.08277	974526.01514	220193313.479	656919.317372	206058.357721	28344495.9507	4745795.35594	25868212.8852
human toxicity (HTP100) | Problem oriented approach: non baseline (CML, 1999) | HTP 100 (Huijbregts, 1999 & 2000)	29349672263.8	4381013208.58	885066697388	10941877040	4447565773.6	215963849286	320267723774	313507792557	51878021417.9	4190607289.99	947542517773	4551165610.29	2822405503.78	349593073405	168562343645	360546210586	12378738883	8880985983.74	1.2557512618e+12	5476719657.33	2758314641.62	178362654484	264776283190	485422861667	2016698986.42	1530063832.21	127294092113	211029881.305	91489108.2134	35182638652.4	42241156321	41016245384.8	7508405401.69	1296269324.98	286630055950	2332762504.24	778926484.546	65594689399.3	37948437154.2	61623643673	15054090002.2	5045268207.9	1.02730088308e+12	3478754822.77	1107039254.91	147648135032	35206999442.7	146043781078
Freshwater aquatic ecotoxicity (FAETP100) | Problem oriented approach: non baseline (CML, 1999) | FAETP 100 (Huijbregts, 1999 & 2000)	36396348.5928	3258501.56316	1083318482.85	8027568.98684	3013648.37229	182954675.153	82655838.4972	247341495.806	32435251.8878	2476699.80925	598067774.246	2524470.51456	1649045.8674	187243620.234	39648052.9137	188032267.83	12241265.2346	7810409.30988	1614844397.57	5131340.60113	2856667.74015	165064445.839	69721202.7162	357389289.3	2153070.14888	1247305.63719	134504305.809	193108.579413	78955.0192523	30106426.0008	12415971.1011	31970602.4782	7004405.78548	1024820.6983	286004263.835	1810152.90549	574895.247221	55684834.84	14376350.9751	44629368.2455	22648351.0247	6886427.16969	1707080046.79	4829432.28686	1494706.09577	211274310.915	25635662.8461	184932870.456
Marine aquatic ecotoxicity (MAETP100) | Problem oriented approach: non baseline (CML, 1999) | MAETP 100 (Huijbregts, 1999 & 2000)	3500887513.22	438680862.653	115343711932	1067187192.63	416076456.668	22415382020.5	19360781574.6	31440772187.7	4320889986.66	372392734.728	85557579250.9	396058000.664	256270319.026	29259378355.9	10013658735.7	29956193812.4	1250812541.79	892395416.144	153352811395	555290113.641	299580099.132	17630143990.9	15570612236.9	42704985292.2	224610667.218	151368998.957	14825329533.3	22320200.2557	9367119.5775	3573352427.24	2632785586.85	3946183405.72	720674242.978	120263286.163	31177737463.5	214620828.787	68599277.7894	6410830114.28	2531727539.87	5481110923.1	1850525515.42	610806780.244	142945857076	427465141.405	133581107.324	18434779021.3	2989336315.24	16831585088.4
Freshwater sedimental ecotoxicity (FSETP100) | Problem oriented approach: non baseline (CML, 1999) | FSETP 100 (Huijbregts, 1999 & 2000)	108163490.904	9741616.1178	3333467189.82	24273396.577	9083269.78886	556707502.716	234341078.772	750573939.611	94009638.7709	6969048.31619	1785556513.53	7432498.73425	4881133.79671	553026149.276	110445071.557	554344659.46	37163393.5762	23554344.2111	5004923557.41	15714398.889	8765064.99274	506838776.089	199003062.443	1088504516.28	6448404.29542	3791249.07023	412511215.141	590039.684854	240720.573558	91685905.9921	35681132.7118	97132299.8626	21087245.1181	3038512.54331	878089862.545	5508314.15191	1740263.04263	170084021.925	42286518.1914	135406091.098	69213655.1583	19327611.8551	5332135618.38	15014704.7459	4616068.37713	657933389.252	78434257.1279	573991261.793
Marine sedimental ecotoxicity (MSETP100) | Problem oriented approach: non baseline (CML, 1999) | MSETP 100 (Huijbregts, 1999 & 2000)	5630515804.97	667148278.519	189210263575	1638933543.95	632505145.739	35174882691.5	26104877379.4	48823155701.4	6369195685.73	539617886.595	128784627029	581929951.837	378230831.176	42999895389.2	13331985938.8	43840005450.8	2031373054.66	1415541286.33	260293864195	901002346.019	491022051.091	28723076925.9	21147238476.3	67223859994.1	358447754.886	237918675.594	24048080030.6	35638603.7788	14835962.3761	5655008195.64	3616080683.46	6173525256.51	1157636467.15	187837197.805	50693791232	338695038.469	107431820.526	10227610971.9	3610970770.75	8559544365.92	3203673007.8	987512282.743	253310111542	741195695.536	229644043.987	32142931367.8	4736540450.7	28880449386
Terrestrial ecotoxicity (TETP100) | Problem oriented approach: non baseline (CML, 1999) | TETP 100 (Huijbregts, 1999 & 2000)	22493512.951	3136050.28923	836590363.935	7820526.77638	3060336.30807	162442678.593	149727611.507	227594172.103	28499734.2171	2605669.67363	585539236.636	2775216.02927	1787219.31481	204312225.185	76154130.5605	209768101.843	8599587.33697	6372230.56974	1092086021.26	3975301.86791	2146367.26915	125346291.625	120702292.633	309516051.674	1490700.5894	1088188.53276	105065745.862	160081.809705	67458.1875585	25450465.4827	20235564.5143	28520106.9804	4767916.26927	858995.144473	217950759.76	1504635.18937	481279.341796	45041468.0094	18944735.5869	38755475.4832	12466323.5469	4515327.96371	1023466030.25	3059574.83773	959795.814706	131915618.684	22273469.5788	120569881.213
human toxicity (HTP500) | Problem oriented approach: non baseline (CML, 1999) | HTP 500 (Huijbregts, 1999 & 2000)	29365791695.4	4383076512.82	885685356224	10946905924.7	4449459925.35	216069169187	320303720035	313653119115	51898229758.9	4192749282.69	948108849856	4553611449.01	2824022016.2	349763898940	168588222066	360717803073	12384300900.8	8885330373.77	1.25653724341e+12	5479385669.86	2759780816.95	178443545621	264803915106	485595262721	2017816411.89	1530818668.6	127380360613	211146994.958	91536522.8692	35201124500.6	42247243395.5	41035130771.1	7511974034.1	1296895780.37	286813440879	2333871390.48	779250499.609	65628474791.2	37956095619.4	61649769083.9	15061876785.6	5047727975.35	1.0279730099e+12	3480704181.25	1107623045.75	147731063662	35216656662.7	146117156296
Freshwater aquatic ecotoxicity (FAETP500) | Problem oriented approach: non baseline (CML, 1999) | FAETP 500 (Huijbregts, 1999 & 2000)	50821058.6494	5204226.94354	1559101470.59	12638662.7208	4823423.3974	278341441.087	172630495.218	382405886.353	51353511.1433	4225151.33119	970010566.801	4284784.60666	2784577.85705	316744016.076	86436575.2833	321139820.309	17377050.8246	11643957.0105	2226690588.75	7434451.76659	4093682.52601	237593670.986	141599126.091	537813112.231	3089347.45461	1890331.30783	195952808.015	286738.124783	118495.331263	45198334.4686	24518241.0508	48773405.0088	9962259.19641	1549353.0949	414283586.038	2711011.86483	864095.641453	82455861.7217	25734620.7729	67899986.661	29790883.9724	9812000.32219	2255165890.9	6500611.32051	2024995.24818	282886673.94	38151691.4948	251260144.235
Marine aquatic ecotoxicity (MAETP500) | Problem oriented approach: non baseline (CML, 1999) | MAETP 500 (Huijbregts, 1999 & 2000)	15770307616.4	2071493814.85	511670554762	5009097523.67	1968431268.08	103235038744	99142000622.9	146053796317	20930758186.8	1826183755.29	410186560990	1933696894.55	1247945641.92	142613576532	51818742736.6	146444611286	5562511434.6	4055928701.24	654811645597	2473905636.43	1322821060.23	78160140352.9	79252928273.6	195061843875	1019215842.1	695868076.98	66475285429.4	101303756.915	42797868.9515	16338070252	13328254327.5	18204066381.4	3243098759.83	554026533.606	139343050064	982286580.902	315553324.649	29075228879.2	12492256294.7	25277985453.4	7712262711.66	2680581026.07	581470131632	1779157247.72	560355343.115	76254325630.1	13536218469.9	70773721907.9
Freshwater sedimental ecotoxicity (FSETP500) | Problem oriented approach: non baseline (CML, 1999) | FSETP 500 (Huijbregts, 1999 & 2000)	144749497.249	14654932.5607	4541626867.79	35973628.1304	13674395.1096	798643676.69	461953647.672	1093217331.83	141910371.05	11294615.1309	2728451067.53	11886410.1091	7760963.64407	880985492.981	228773171.019	891388496.362	50149951.676	33170894.096	6553617839.14	21529080.4423	11888481.1841	690062042.608	380632211.128	1544281155.75	8821229.12313	5419181.71154	568383845.96	827328.260514	340907.932683	129897868.697	66288174.6592	139681456.074	28571892.3725	4342681.26901	1203343057.94	7788905.46644	2471791.26257	237856991.753	71013080.4067	194253885.258	87269793.2883	26156908.0458	6718450342.59	19236009.0308	5949507.74303	838906090.942	110066567.305	741505973.397
Marine sedimental ecotoxicity (MSETP500) | Problem oriented approach: non baseline (CML, 1999) | MSETP 500 (Huijbregts, 1999 & 2000)	17901259352.4	2297795843.63	586644061478	5581535832.36	2184328956.53	116017576408	105290650467	163441191938	22949428752.8	1984378610.63	454185995747	2121144390.57	1371959981.78	156410523657	54864535478	160360324843	6336256085.96	4569536369.9	762253568401	2817350492.33	1513590853.4	89159819759.5	84311373262.1	219127911675	1153328551.17	782378702.339	75836732337.7	114700944.29	48282847.184	18424718962.8	14239482764.1	20424852065.8	3677972051.39	619278672.352	159104962253	1106139592.68	354010635.132	32897183051.1	13516857847.2	28328374095.4	9057518315.69	2999572396.94	692058668042	2091935638.26	655351239.491	89927074525.4	15236695125.2	82746828788.2
Terrestrial ecotoxicity (TETP500) | Problem oriented approach: non baseline (CML, 1999) | TETP 500 (Huijbregts, 1999 & 2000) TETP 500	94231473.828	13084446.4097	3502190647.4	32619456.3574	12745396.3961	676849103.526	606790945.823	948257910.13	119871670.293	10985317.7938	2509647935.78	11831233.0983	7639838.21525	867684721.716	311497373.884	889885781.969	35631662.5232	26465512.8002	4536338899.53	16491617.9181	8909257.8809	518753133.43	487944073.325	1274966865.59	6255084.03571	4542874.1099	442591983.613	669861.984889	281770.749202	106494146.634	82326094.8593	118795559.948	19947646.553	3576620.60821	918527912.657	6294990.08918	2003622.69367	188552187.55	77556843.5462	161396298.717	51311354.0068	18115126.6466	4212293873.46	12587696.5687	3938403.98895	542183316.622	90726995.1567	495272069.534
photochemical oxidation (high NOx) | Problem oriented approach: baseline (CML, 1999) | POCP (Jenkin & Hayman, 1999; Derwent et al. 1998; high NOx)	45265437.7783	4841894.9286	585917155.942	5373182.23601	2176866.91287	108241132.91	40201372.2374	147468767.327	38843265.8962	6352882.24524	494172115.702	2282630.45044	1744595.54651	159904607.776	23543842.6029	155356497.542	8488339.86165	8110006.46601	696839212.579	2905382.35448	1848557.22798	75685803.4555	25504289.1284	163150175.663	1885851.81303	691327.469847	68078384.2504	98193.7832506	40133.0602377	16090797.5309	5352719.17395	16509805.9533	5056405.31588	804435.763373	135884510.743	908952.154515	312365.759556	26803864.569	6240031.16662	22871493.4399	16990816.2007	10274172.6162	674753366.861	2035526.58719	776609.937658	84981555.5618	9854323.53065	77385748.9032
photochemical oxidation (low NOx) | Problem oriented approach: non baseline (CML, 1999) | POCP (Andersson-Skld et al. 1992; low NOx)	40272023.1251	2623289.03462	377612623.314	3237697.0907	1291473.90996	67174979.4904	24346717.0294	91765275.6586	30466362.2743	3035550.67065	276850837.126	1259003.13253	943627.128599	89194614.9804	12788107.9645	86491497.7483	6861528.08355	4528505.40253	489891706.431	1855226.69685	1149798.85221	51063734.2897	15425422.081	109588256.981	1522866.73087	433828.85622	43788009.0541	63107.496959	25810.9208135	10141598.5836	3206867.70946	10516113.8459	4029328.59584	429832.680802	89163124.5152	601533.641889	217148.79389	17373679.248	3911613.25328	14758867.9239	15000190.1637	6305425.02507	496217267.108	1477000.44856	556865.509055	62402001.1002	7062058.79232	56296722.5882
photochemical oxidation (MIR; very high NOx) | Problem oriented approach: non baseline (CML, 1999) | MIR 1997; very high NOx (Carter, 1994, 1997, 1998;Carter, Pierce, Luo &  Malkina, 1995 )	20285314.6983	1259798.74666	163482303.271	1448943.59108	584565.802343	29462568.4539	10405791.8571	40415394.8389	15227447.2779	1512613.95975	125938143.157	584031.752592	441797.127584	40916309.4933	5709635.78119	39567759.2861	3308744.63308	2150487.48117	208405696.559	823375.284757	519625.956619	21969489.7893	6553106.88112	47482429.3912	744256.515639	188620.19109	18709925.6971	27073.5218019	11098.5575737	4383522.51748	1368115.83228	4537946.27646	1897650.08592	195260.462587	37888194.7181	260470.866191	96380.3729024	7422423.13684	1664088.03281	6416460.63892	7156812.60327	2895374.39236	207662277.942	625567.237754	243518.690594	26277429.6272	2962249.64002	23926353.9851
photochemical oxidation (MOIR; high NOx) | Problem oriented approach: non baseline (CML, 1999) | MOIR; high NOx (Carter, 1994, 1997, 1998;Carter, Pierce, Luo &  Malkina, 1995 )	35897027.589	2239534.57566	293720580.108	2594155.10158	1045363.80042	52860785.1857	18721517.5232	72480135.5257	26966226.8645	2679447.44965	225096674.409	1041801.19749	787351.81955	73069464.3939	10224883.0627	70680905.3338	5879571.85587	3827115.78459	375141780.433	1475433.4107	929383.209761	39498034.3945	11797727.4619	85302085.2302	1320817.05474	338730.627892	33662839.8937	48689.3993039	19954.8461756	7877033.92042	2461924.79008	8155964.97231	3379924.39582	349049.715467	68209239.4033	467966.484672	172705.914355	13354610.386	2995442.32374	11522977.9353	12730736.0647	5170115.17316	374476343.125	1126597.48128	437050.025249	47353543.4521	5340447.03022	43073253.0669
photochemical oxidation (EBIR; low NOx) | Problem oriented approach: non baseline (CML, 1999) | EBIR; low NOx (Carter, 1994, 1997, 1998;Carter, Pierce, Luo &  Malkina, 1995 )	46039684.9382	2869433.94899	375461731.743	3318626.89712	1337646.70159	67592069.4126	23924413.4517	92687832.9451	34579950.5034	3435754.42953	288065745.987	1333817.07379	1008250.38334	93527619.1406	13079700.9533	90464784.9768	7533944.17241	4902359.52518	479344628.712	1887121.05308	1189196.18807	50482779.2891	15074280.9024	109043299.926	1692945.31256	433040.723437	43017802.7422	62226.1602048	25504.1249624	10068795.1792	3145982.70622	10424938.1105	4328749.43878	446679.94676	87153336.7623	598201.917768	220896.100806	17065821.9544	3827486.34014	14731208.2547	16309142.3663	6617802.36934	478307482.096	1439381.10015	558809.370546	60492258.2656	6821571.85022	55036430.0594
acidification (incl. fate, average Europe total, A&B) | Problem oriented approach: baseline (CML, 1999) | AP ( Huijbregts, 1999; average Europe total, A&B)	2735266489.9	39416161.8158	8191350826.16	74923282.5519	28103409.0364	1692145010.3	671874393.491	2423091182.27	2435359652.96	40440422.0804	7655791267.84	35172775.1595	23866742.1666	2735876579.77	429608531.724	2655399180.58	419618929.055	65766255.5957	8959426833.96	33128397.6306	19227792.0556	1042058911.97	418168996.257	2290617096.63	119540940.585	9847336.02708	992904265.309	1415771.68172	598013.595931	236977085.836	89522646.6847	245587411.269	242073672.055	8336349.58283	2058643905.67	17003288.7996	7851670.85598	425186607.3	105306221.611	389708359.766	647557381.773	73296523.4526	7394331139.82	23628306.5511	10311711.3377	988979604.016	118663450.423	940493377.444
acidification (fate not incl.) | Problem oriented approach: non baseline (CML, 1999) | AP (Hauschild & Wenzel (1998).	3197182270.99	40730587.2145	8667954176.88	79734987.9827	29715767.1471	1819145846.44	736849330.741	2621634367.67	2844441637.33	42534999.3521	8390282260.16	38532318.3068	25915212.2271	3019841796.09	474655350.756	2924435914.29	486311974.4	67556120.1756	9434485065.98	34795053.6742	19999179.1961	1112911328.85	452116956.521	2450039409.66	139287267.968	10530909.0786	1056817146.1	1507576.09379	638715.432871	253502210.957	96833764.732	262836138.226	281428165.988	8991576.22433	2211639850.24	18767512.9162	8875699.15173	459836875.081	114902076.66	426792878.627	751491535.338	69873941.9	7675485084.43	24811841.3527	11036204.0009	1038865531.09	124828959.513	997254709.204
eutrophication (fate not incl.) | Problem oriented approach: baseline (CML, 1999) | EP (Heijungs et al. 1992))	622227686.194	4652681.0035	1140387729.55	10641186.2455	3845579.60319	254014826.274	98844218.047	372870647.468	539185347.745	5173244.64517	1263775028.86	5759678.19284	3746314.74369	465734237.63	68646873.8164	445705419.382	91085458.5906	7479198.18671	1194988482.27	4326939.22579	2382697.28028	148768677.733	56348151.7058	325929082.157	26160053.5428	1417922.75363	140645437.378	199698.08443	85692.3353834	34218430.8572	12556569.3529	35359423.2217	52851235.4862	1230334.10593	305476920.126	2895707.6676	1507936.2702	64786616.0307	15908163.4523	63170387.1531	146279912.16	4828866.32186	913653784.182	3140114.4283	1564862.33563	131300376.037	15171102.4915	132073724.005
eutrophication (incl. fate, average Europe total, A&B) | Problem oriented approach: non baseline (CML, 1999) | EP ( Huijbregts, 1999; average Europe total, A&B)	7052524349.09	50110414.5141	12560623014.8	116963118.45	41911992.0328	2800898656.68	1031313956.13	4166863441.8	6241191140.37	55781748.2027	14260491947.3	65134044.4305	42239432.7111	5261807719.45	748878785.719	5043827197.76	1040323483.41	80127394.6609	13106237464.1	47111643.36	25900625.0471	1629084267.75	579605680.38	3576841029.87	303839095.857	15747808.0357	1572076914.32	2220853.9758	953417.269716	380488481.132	133576993.088	393357292.317	604535036.1	13548751.9551	3422124869.34	32492617.3594	16998175.7979	724185849.762	173120956.704	708969151.966	1605112942.34	48452177.2077	9636391636.02	33320177.327	16760891.7337	1389797454.31	157686915.285	1403406040.9
odour | Problem oriented approach: non baseline (CML, 1999) | 1/OTV	1.59489566738e+15	8.42455471971e+12	2.39830883483e+15	2.20169185539e+13	7.68148109502e+12	5.38395875466e+14	1.42016865749e+14	8.14003407647e+14	1.4055136537e+15	9.25296653599e+12	2.89494713821e+15	1.31392515352e+13	8.42263206085e+12	1.07216113509e+15	1.28401482104e+14	1.02281053254e+15	2.32607374166e+14	1.31624301227e+13	2.40334090621e+15	8.39827890978e+12	4.56541929504e+12	2.99002714667e+14	7.0865900188e+13	6.4731730319e+14	6.84362113519e+13	2.97354607495e+12	3.02570508081e+14	419541782427	180835749092	7.21627190433e+13	1.98617849106e+13	7.40402102326e+13	1.34519501653e+14	2.46343420437e+12	6.6558055428e+14	6.55930329334e+12	3.58680797271e+12	1.39718461118e+14	2.92969781007e+13	1.39475101015e+14	3.5663818559e+14	5.64773571115e+12	1.62547718206e+15	5.85918287587e+12	3.2315101267e+12	2.4205734219e+14	2.40900859613e+13	2.51486848825e+14
Climate change midpoint | ILCD recommended CF | Global warming potential 100 years	161533526823	8219786110.78	860364100739	8515209627.74	3474926522.71	176664941941	76051009223.6	243757802621	120776859013	11215091328.4	795415341332	3949084153.78	2962680281.1	275176537093	44038953395.9	267503078073	24577728328.6	13612761164.3	1.01291570358e+12	4554960985.71	2919693809.99	121080779673	46312314688.7	266059380500	5616174473.63	1062901115.41	97133365695.8	144348209.527	60450827.3787	24915854177.5	9251220576.91	25309340167.1	13378502426.8	1329046440.31	194498123864	1492491883.41	598367436.557	41646977045.3	10427964338.4	38099216964.1	50539366010.9	15631338267.4	918034726118	2911490231.75	1251035611.82	121792172936	14471143747	115744925633
Climate change endpoint, human health | ILCD recommended CF | Disability Adjusted Life Years (DALY)	226115.03997	11507.5386991	1204465.86891	11920.8952931	4864.74760835	247321.08165	106468.6998	341248.794082	169068.345309	15700.9429486	1113539.51865	5528.54238651	4147.63928411	385231.848758	61652.6924082	374490.520887	34404.8460023	19057.5927933	1418039.91479	6376.7889841	4087.48646717	169507.679314	64835.8560938	372472.51561	7861.77196572	1488.01755134	135982.521657	202.081492709	84.6285529239	34881.1396865	12951.4092069	35432.0435787	18727.6975623	1860.62340388	272288.122515	2089.38454019	837.652245504	58303.8045051	14598.7232568	53336.9346665	70744.9028432	21883.6189055	1285203.20274	4075.92330415	1751.35499058	170502.214155	20258.914892	162035.773548
Climate change endpoint, ecosystems | ILCD recommended CF | Potentially Disappeared Fraction of species (PDF)	1279.5921509	65.1368635624	6819.44085949	67.4876282204	27.5397897706	1400.26469321	602.904700271	1932.04799281	956.827194639	88.8715050058	6303.8644956	31.2969416242	23.478999892	2180.83273019	349.077950657	2120.06329042	194.722170364	107.875118796	8029.22909262	36.1017371874	23.1395696521	959.771264012	367.157083546	2108.94164886	44.4945387862	8.42502936433	769.958040707	1.14421325721	0.479175983973	197.499328048	73.34003172	200.61915301	105.998008049	10.5339814156	1541.77396373	11.8297851312	4.74213174451	330.133690144	82.6668913115	301.991606738	400.377400015	123.876835857	7277.45342181	23.0785220075	9.91498330209	965.438754277	114.717666404	917.460610435
Human toxicity midpoint, cancer effects | ILCD recommended CF | Comparative Toxic Unit for human (CTUh)	82.3594877659	11.09374678	2762.94040861	27.736051111	10.9699320268	568.223197737	610.143222982	803.944119907	114.944050035	9.74742903227	2247.51129112	10.5636561048	6.70232719171	790.667864097	317.136587141	810.755265899	31.9600054768	22.9502169189	3770.53479883	14.3626030022	7.58288274551	458.163095172	499.73861769	1156.66013045	5.45590267698	3.9197074122	365.169452608	0.566962358794	0.240318001232	91.4354143653	82.1085537537	103.252536392	18.5721722865	3.19227813256	783.779698027	5.68449787979	1.84424342587	166.236529789	76.4787815519	146.609048303	44.8890394401	14.9286429847	3420.56757868	10.5438206881	3.30731029191	452.621583485	83.0519126157	421.897350194
Human toxicity midpoint, non-cancer effects | ILCD recommended CF | Comparative Toxic Unit for human (CTUh)	18015.1493768	2374.10720577	668852.82025	5845.93171961	2241.33466029	121168.677371	71319.3914367	168756.845093	22960.9092318	2243.08201409	569948.189376	2558.45626315	1682.68531948	181388.54452	41774.2959936	184031.919024	6202.50587286	4746.83470812	826188.464986	2913.5468216	1590.9861249	89393.2502029	55598.3650811	204649.528278	1215.28801361	835.710944512	89579.2498075	126.739740211	52.2137566267	20109.4451553	10398.6554806	21302.5646882	3798.43822692	661.962907205	187208.243262	1187.18922093	358.943968069	35927.4994404	10913.2105818	28978.9289638	8560.87754665	2594.20659593	710424.561092	2096.47098069	638.921626805	89445.0216974	12656.1186996	80533.8731339
Human toxicity endpoint, cancer effects | ILCD recommended CF | Disability Adjusted Life Years (DALY)	946.881175788	127.544640861	31765.898108	318.878996094	126.119209063	6532.75934689	7013.64488209	9242.80180633	1321.61702845	112.082598803	25846.4336341	121.475007427	77.0730966957	9091.94292711	3645.8034188	9322.81608966	367.44318762	263.864741284	43350.7226043	165.129769387	87.181372349	5267.53737297	5744.56634218	13297.6358471	62.7292812547	45.0664800148	4198.79565248	6.51870332408	2.76303278736	1051.29271849	943.876190416	1187.11462503	213.542470533	36.7043472291	9012.36162475	65.3606840402	21.2043818533	1911.39102766	879.2114745	1685.65089991	516.055315042	171.604583746	39324.1505664	121.216763569	38.0214796569	5203.50257462	954.730167787	4850.28618117
Human toxicity endpoint, non-cancer effects | ILCD recommended CF | Disability Adjusted Life Years (DALY)	48621.9707775	6407.43506688	1805185.27933	15777.3905369	6049.00619886	327016.710789	192429.798232	455449.884642	61973.1161492	6054.39393117	1538475.41012	6905.88215255	4541.98643959	489605.24478	112727.490342	496736.661549	16739.8088161	12811.2969598	2229816.93681	7863.3744408	4293.90450228	241260.966519	150010.472756	552298.694942	3280.0762112	2255.54023472	241781.482958	342.068373103	140.922294113	54275.2023795	28058.8897222	57493.6490405	10252.2570334	1786.64424019	505299.69407	3204.28534644	968.780663736	96969.9532986	29450.0570026	78213.1953197	23103.8186748	7000.20427838	1917271.09739	5657.89395104	1724.26562002	241389.669104	34152.1864395	217339.84069
Particulate matter/Respiratory inorganics midpoint | ILCD recommended CF | emission-weighed average PM2.5 equivalent	146150673.261	7035969.06675	1353333067.62	11071421.3287	4245918.87416	242445903.374	85031904.8864	328145089.143	130208407.407	6667809.54577	899687112.366	4073535.22797	2917215.70223	297335561.919	46163577.7009	291821158.936	27319255.5413	12037847.643	1687339757.4	5902285.69442	3512908.68588	174525011.088	60201414.1592	373861701.46	6881866.81312	1547575.22097	161159142.292	230262.418371	94721.8744498	36910674.5929	12517654.383	38274774.9473	15363656.5578	1288606.12937	320718908.051	2128659.29719	769159.232432	62573245.5819	14374704.0988	51595697.3036	44175642.1883	22301646.2284	1630110721.97	4812113.91963	1807380.39944	203411482.583	23633919.7992	180660422.197
Particulate matter/Respiratory inorganics endpoint | ILCD recommended CF | Disability Adjusted Life Years (DALY)	263071.21059	12664.7442871	2435999.51395	19928.5583308	7642.65395077	436402.624684	153057.428306	590661.158535	234375.132235	12002.0571511	1619436.79676	7332.36338669	5250.98824768	535204.009645	83094.4396046	525278.084329	49174.6597612	21668.1256979	3037211.55311	10624.1142163	6323.23561529	314145.018905	108362.545181	672951.060407	12387.3602075	2785.63538883	290086.45518	414.472351731	170.499373461	66439.2140542	22531.7778233	68894.5946835	27654.581675	2319.49102533	577294.032513	3831.58672101	1384.48661291	112631.841662	25874.4672929	92872.2548209	79516.1555545	40142.963121	2934199.2892	8661.80502495	3253.2847079	366140.667348	42541.0554931	325188.758791
Photochemical ozone formation midpoint, human health | ILCD recommended CF | Photochemical ozone creation potential (POCP)	123700591.323	18299257.9466	1887761885.8	18039770.9978	7387527.17141	356434067.214	128818388.032	486444275.749	119479646.55	26734561.044	1828358339.5	8443134.39255	6536529.97827	588284620.378	82377010.0233	568332844.336	24381624.3373	30043251.244	2141848442.05	9679249.43331	6278427.07997	240669107.425	78166850.4355	515214942.814	5523014.24882	2299461.63917	221200123.052	318682.729514	129632.282646	52999597.6972	16928712.2716	53791448.073	15448105.8309	3158700.69732	442387754.279	2987895.26017	1010555.85859	87749293.7709	20173292.8582	75934770.2675	47277360.2461	34476582.1862	2044405315.59	6249303.17735	2406260.9477	258636191.847	29728448.4463	238474302.962
Photochemical ozone formation endpoint, human health | ILCD recommended CF | Disability Adjusted Life Years (DALY)	4.82854041398	0.713871122092	73.6380580431	0.703712230364	0.288182397527	13.9038688315	5.02469585504	18.9754949975	4.66275087404	1.04292735728	71.3219515471	0.329362061739	0.254987337679	22.9484376233	3.21327746736	22.1700254274	0.951469027866	1.17201529899	83.5506238252	0.377583969925	0.244922946107	9.38817639484	3.04892608916	20.0980246916	0.215536154629	0.0896973497677	8.62841603929	0.0124310221072	0.00505665156594	2.06739035501	0.660315346957	2.09828193592	0.602794091427	0.123214816499	17.2563704945	0.116554134468	0.0394233503124	3.42287755152	0.786889101485	2.96210437928	1.84509363023	1.34496298464	79.7490066011	0.24377939731	0.0938711066138	10.0891045539	1.15964673317	9.3027353944
Acidification midpoint | ILCD recommended CF | Accumulated Exceedance (AE)	4928374872.46	47440907.479	10973591206.1	99687104.5516	36420735.7386	2311845830.95	722964258.835	3378472937.53	4358461262.89	48654526.4769	11219496760.4	51199747.9254	34040119.171	4055535014.89	542992179.968	3907466635.21	736025434.34	77852587.9216	11580145133.3	41855938.4951	23951969.4232	1362124262.3	421703794.396	2963964856.18	213290956.403	13189225.3988	1345915448.48	1890170.11943	803120.401383	318661030.289	101108302.867	328269976.146	423679512.822	10892725.2829	2840078170.66	24963834.6298	12422248.0499	585941966.058	130820160.832	553347162.67	1128482259.53	76214232.3798	8937974635.07	29558866.6946	14068382.901	1229131563.79	135607863.39	1200460852.97
Acidification endpoint | ILCD recommended CF | Change in potentially not occuring fraction of plant species per change in base saturation	23.1424663779	0.217027732675	50.5735819773	0.459614946526	0.167620118896	10.681987588	3.31864352477	15.632939495	20.4621856128	0.223087767347	52.0740410705	0.237578446668	0.157694404282	18.8446336481	2.51053332319	18.1481516966	3.45157185307	0.355602602335	53.26325954	0.192278606235	0.109831654968	6.27865470952	1.92583387413	13.6595288222	1.00107578066	0.0608601361455	6.20984822365	0.00871649547209	0.00370571446682	1.47068907523	0.464120652703	1.51478895417	1.98735065127	0.0502695390739	13.1261632609	0.115964613916	0.0579727573647	2.71007454345	0.603491184001	2.5655599261	5.29198944644	0.342119075409	40.9202451169	0.135728625521	0.0649664433768	5.64262392641	0.620372092379	5.52350203437
Eutrophication terrestrial midpoint | ILCD recommended CF | Accumulated Exceedance (AE)	21531091509.6	113731488.716	32377169270.2	297228400.477	103699994.783	7268344318.79	1917227687.62	10989046003.2	18974434324.9	124915048.236	39081786365.8	177379895.725	113705532.821	14474175323.7	1733420008.4	13807942189.3	3140199551.24	177692806.656	32445102233.8	113376765.282	61633160.4831	4036536648	956689652.538	8738783593.07	923888853.25	40142872.0118	4084701859.1	5663814.06277	2441282.61274	974196707.084	268134096.294	999542838.141	1816013272.32	33256361.7591	8985337482.79	88550594.4601	48421907.6316	1886199225.09	395509204.36	1882913863.71	4814615505.47	76244432.1005	21943941957.8	79098968.8243	43625386.7104	3267774119.56	325216160.477	3395072459.13
Eutrophication marine midpoint | ILCD recommended CF | Potentially Disappeared Fraction of species (PDF)	178628314.746	943550.128608	268610589.501	2465894.87803	860325.882642	60300338.0522	15905888.9639	91168381.6565	157417529.214	1036332.25203	324234079.479	1471596.17194	943334.790815	120082047.13	14380965.9956	114554779.644	26052025.9065	1474192.17374	269174181.495	940607.237895	511326.961045	33488304.0427	7936980.82105	72499537.9573	7664855.67141	333037.160394	33887896.9051	46988.6796319	20253.6038983	8082224.53284	2224519.90999	8292503.54605	15066184.1852	275904.63089	74545022.0794	734641.968854	401722.492944	15648467.6452	3281261.54728	15621211.3137	39943476.7861	632546.399649	182053444.391	656228.482097	361929.13419	27110422.3253	2698089.62766	28166527.0684
Ecotoxicity freshwater midpoint | ILCD recommended CF | Comparative Toxic Unit for ecosystems (CTUe)	9810930243.99	1243219326.78	338650915017	3014485012.92	1155741709.64	62002071471.6	34734717707.3	86667517222.5	12438374038.9	1190851614.49	298292074932	1359047173.38	902337276.391	95351704115.4	20838515781.4	97054716623.6	2988228061.79	2305809006.23	382628640692	1373922891.41	754630419.452	41578803020.6	25783487113.2	95774561022.6	639155949.492	416735417.196	44957437756	63085373.2155	26033484.6528	10054470057.1	5022828841.48	10586379241.3	1875878366.21	320247014.014	91970378726.2	576608330.433	173531747.197	17521343429.2	5207181294.96	14061987437.1	3945471578.69	1141544598.7	308269365012	915791365.881	280599578.415	38805347335.9	5567895606.15	35120165869.5
Ecotoxicity freshwater endpoint | ILCD recommended CF | Potentially Disappeared Fraction of species (PDF)	9810930243.99	1243219326.78	338650915017	3014485012.92	1155741709.64	62002071471.6	34734717707.3	86667517222.5	12438374038.9	1190851614.49	298292074932	1359047173.38	902337276.391	95351704115.4	20838515781.4	97054716623.6	2988228061.79	2305809006.23	382628640692	1373922891.41	754630419.452	41578803020.6	25783487113.2	95774561022.6	639155949.492	416735417.196	44957437756	63085373.2155	26033484.6528	10054470057.1	5022828841.48	10586379241.3	1875878366.21	320247014.014	91970378726.2	576608330.433	173531747.197	17521343429.2	5207181294.96	14061987437.1	3945471578.69	1141544598.7	308269365012	915791365.881	280599578.415	38805347335.9	5567895606.15	35120165869.5
GHG emissions AR5 (GWP100) | GWP100 (IPCC, 2010)	167649786584	8831316998.69	903165742986	8985362288.06	3677213249.39	184895781525	78233371932.3	257376821862	126113423108	12244812635.2	842970896201	4196349521.71	3147889221.47	290893342150	45859238108.8	283590368645	25557435872.6	14633267911.3	1.06325749931e+12	4828153083.76	3109158962.14	126799430817	47772034658	279662052137	5855569146.65	1117744099.59	101765645071	151284808.885	63334094.5412	26086096298.7	9559179923.63	26550158358.2	13958109012.2	1431489874.35	203711299569	1561903282.56	625571219.742	43522432725.4	10824234846.5	40043132602.6	52367221815.5	16929263566.4	965428367529	3066432417.86	1321086562	127956471811	15143492359	121958585942
Nitrogen	776916448.946	4307463.31029	1334398027.88	11017633.0488	3926850.74088	276680227.073	80542978.7537	368216199.103	618999324.81	4431434.82285	1286436745.14	5444271.04002	3427662.30399	469427363.385	58336884.9105	427331775.359	125445511.569	7932222.60108	1568744295.33	5226820.7556	2846958.2907	184943126.226	50542287.8333	376737143.735	31877419.1783	1562777.00471	155372039.711	220888.367304	94223.578972	37051957.8986	11003910.107	37926336.4426	83273833.8692	1417998.37345	355976404.992	3896596.48244	2300906.37567	75470654.2738	16695058.158	76018801.5918	277570377.593	6174189.24591	1598014723.29	5400463.02087	2563252.74114	228068292.59	23739036.1591	226690419.238
Phosphorous	514837077.537	2434644.86664	808602687.761	6606484.6618	2351246.24722	168315109.087	41363952.7982	211097293.681	347867864.967	2581542.19952	795063777.286	3188047.71964	2038038.19278	282990519.393	31108887.0815	249285395.924	57804182.423	3340885.81741	669732738.76	2207352.98024	1213753.37275	78903014.082	18493867.6923	151048089.742	15652947.9571	779699.079853	76331743.1211	107821.1291	45939.1653415	17636235.584	4712893.2452	18159591.5838	42117439.1864	669043.809849	170957364.881	1956419.15128	1186791.35344	35409243.7514	7455638.33949	35825932.1863	202694640.761	3184909.91806	924748553.337	3184758.45354	1667464.29952	134431439.296	13361413.0997	135896661.453
PM10	28532025.8304	4844772.97787	793879103.527	6503845.89522	2543650.28495	139018655.73	50211122.051	183720401.499	27086423.1066	4901366.46145	506545570.805	2338138.15519	1714914.44792	161742945.402	26067193.0531	159233151.913	8145458.47279	8017225.7565	1011738395.06	3643521.39401	2198333.58792	103773500.25	36501005.4518	221112020.456	1645444.83952	922802.811787	95008409.0907	136565.73432	55752.2449445	21877471.4161	7468493.31015	22550486.1218	4516732.669	812744.717617	186095631.982	1150837.94393	363188.040082	36003709.6759	8341970.87382	28759352.8866	13990232.3474	18609520.0636	994865194.954	2941711.07954	1113986.2993	123206001.851	14408436.5376	108392922.458
PM25	22391489.2883	3451862.86262	563627361.287	4707204.686	1844111.74778	100356389.171	39056855.096	133061197.568	21517213.719	3338561.51369	373462480.325	1663280.37776	1250698.37561	119836411.446	20451198.8026	118163688.596	6032270.344	5668437.49805	707860984.378	2571217.43608	1551088.87216	73627854.3157	28191395.8539	158045030.847	1254232.37136	659337.692019	67620769.2302	97342.0152406	39804.015093	15664709.7268	5677243.14175	16154368.6815	3444913.0886	558598.587772	132993885.331	834540.315779	266289.940008	25833255.503	6248530.67985	20805343.2795	10424798.524	11619968.9408	688616491.707	2039354.32493	759491.040412	85669980.1684	10216849.2606	75615114.2756
SOx	85335845.0245	16792940.6302	2847861469.43	25340466.045	10093635.7494	523580371.79	224483453.642	702429501.097	86877884.5276	15809593.5406	1890653742.75	8793288.77028	6567763.62386	624128539.632	118488323.676	624869333.543	25611575.8479	29085533.5505	3299279081.35	12590180.2958	7759086.37567	350485545.043	158541050.251	770279847.746	5048548.18368	3213065.84159	329887415.327	475690.027865	196180.487882	76892838.762	31393673.6159	79899649.8042	13305815.1363	2635995.40892	633606791.399	3934915.02589	1213807.61245	125184895.789	32323119.8225	100864395.118	39263312.2521	45158832.4674	3075598126.15	9056591.15227	3289482.68582	380243046.088	47981529.6084	336618755.355
NOx	162065529.346	11571058.6162	1873312017.76	18576313.7613	7401715.10632	404854478.355	350543674.649	555637890.326	164575552.367	13329178.2371	1510299198.1	7196790.46453	5018803.2251	542989214.731	163971440.688	538277312.909	33428424.7426	19608847.8328	2310006596.26	9166747.10096	5224805.80628	286175755.672	229081862.664	661369544.346	7969703.20533	2468220.80054	225862926.457	347375.751702	146534.13509	58495555.4527	40144423.3456	62496519.9941	21752168.7429	2463511.18167	466800213.775	3573300.19077	1312513.99194	102840156.925	39289024.8772	91049936.6162	59643614.1741	20139796.6773	2205818647.96	6771889.01307	2387988.55078	290815834.563	45085967.824	268402661.193
Domestic Extraction Used - Crop and Crop Residue	163870.629302	631.927392444	204805.836321	1708.08019584	606.28115648	43736.8101061	10661.1757322	53207.7642426	113502.647153	644.160873216	202761.838577	816.50960209	507.968655259	74843.7937779	8280.1680547	64284.8585029	21012.4464277	988.32444197	196155.784096	657.966989766	357.521835928	23820.2495094	5528.08684011	44593.1248909	5481.44352103	210.166225905	20393.0320501	28.9887367569	12.4224773317	4884.39227267	1301.6596659	4909.92444923	12823.7286236	182.832844526	46092.4041699	548.427028931	338.103700048	9758.70743021	2087.44061185	9943.04519264	50731.1063991	792.71247081	230077.722325	804.188770705	431.781205102	33672.3666241	3358.84411464	34314.743498
Domestic Extraction Used - Grazing and Fodder	276752.704746	986.265559467	301121.881662	2662.7381986	957.350445629	67720.5311018	16221.2697047	81107.0090388	177063.204326	1072.5293811	324591.967721	1309.57661248	830.40462249	119772.012836	13227.8526758	102946.966264	31461.6810047	1407.12908054	248939.577664	889.978009279	478.244661342	32404.685203	7437.24366887	59731.2051554	7891.33708501	289.270668079	27434.5566451	38.9701698277	16.8761085509	6724.53345073	1783.90722106	6660.21925418	18398.0497511	252.407618921	62274.8747365	778.694191801	491.61482106	13262.1459884	2845.67530012	13851.7453415	81544.5486081	1035.4086799	302811.654087	1118.87084871	694.639066096	46397.5138593	4524.32922101	49714.0948983
Domestic Extraction Used - Forestry and Timber	65356.6130933	221.709549689	64549.5341396	598.834845109	221.475608245	14832.2756874	3578.31875453	17320.2227515	32862.4206642	223.329823676	64419.8817382	254.907782013	160.019460102	23410.9995115	2671.61027905	20372.6804614	7371.17469098	359.782750369	58363.8154354	219.977930386	116.675370647	7827.60472608	1853.78506214	14534.8672697	1439.2773292	61.8018678343	5709.05738685	8.18325265498	3.59841256276	1456.37504393	389.771270378	1401.37935704	4006.88914805	54.2244120248	12970.3923176	171.514739648	111.942884078	2764.58790479	601.512434009	2972.85929737	19256.4520727	231.070376152	66780.0038633	256.519774529	172.727690291	10524.2908534	1024.03765717	11612.3586965
Domestic Extraction Used  Fisheries	2024.16469122	7.46254222509	2352.88337143	19.9019223055	7.04145927025	513.765560934	126.41556209	621.20113294	1596.9745679	7.72671898181	2434.88326568	10.1244548054	6.2756275476	930.181236998	104.348318149	790.192567866	301.865332492	13.1047124549	2604.82917137	8.79285621457	4.74211212578	321.838805632	74.0984240192	600.322089842	80.4268613645	2.61454080846	257.497015346	0.36539612969	0.15625769044	62.9687848227	16.8059699566	62.1956991632	169.407344906	2.33757471027	590.397329763	6.94757948366	4.25065415311	127.283955807	27.2754666227	127.632373257	526.050658139	8.82144583725	2537.99641768	8.86582463086	4.68001463208	370.443882964	37.1908885242	375.729519368
Domestic Extraction Used - Non-metalic Minerals	26599.9574894	29796.2058044	1312545.76549	13811.6606657	6186.49411285	225491.826739	53275.6219026	271026.904556	40881.9963608	39410.5097821	1309734.52074	6431.79631052	6269.60769715	421868.884041	44402.8563354	360884.798359	10840.1082791	43261.7339866	1633799.4073	9863.00534899	7045.30341849	170797.718127	40498.8696181	335387.638401	1894.33328798	1970.02976994	146816.289677	234.653478995	92.6537188073	40204.2406732	9739.02600198	39053.3871117	4651.02362032	3857.77205545	231736.245722	1513.99485651	496.700044083	46114.7405015	9323.41139583	41157.97308	15706.3964613	151935.161724	1418692.95026	5328.39949436	3561.1982452	181397.054266	19666.4640132	167074.523339
Domestic Extraction Used - Iron Ore	2063.98703137	2192.67734691	99143.2810509	1036.14167191	498.003785876	17736.7681172	4188.87316973	21276.1040988	4537.01466869	5837.50711801	142369.94754	1876.13376926	861.697592764	46291.7927341	4771.13313187	39814.0744644	763.582058141	2633.51201371	118026.954256	733.692605518	459.128912786	12269.3722998	2865.3301205	23908.3719487	115.272627098	121.844303789	9050.71537324	14.2639836934	5.74546811626	2381.87830041	584.134257633	2353.32209224	332.920342213	303.109622318	17048.0676802	105.35094355	35.3571292891	3364.08042312	657.05819067	2764.99450657	1550.11131563	13861.8403574	133212.80391	490.981463862	341.190116816	17060.0001663	1833.47420708	15886.7770431
Domestic Extraction Used - Non-ferous metal ores	4748.08213681	5433.58192188	212528.660771	2922.75373119	1433.33707607	39391.5936589	8877.07122309	47861.6250829	9791.36053533	12855.874135	308267.553151	2402.50537442	1473.96701673	99084.5723223	10275.5708033	85903.081457	1206.53169837	6594.65816831	170372.482741	1417.0303141	1112.39989963	18638.1208209	4297.36653095	36556.3338963	226.488329228	257.963811098	16773.9896302	26.2710723429	10.7864310701	4422.01350439	1059.29627662	4331.56556953	594.280096256	754.785261415	28308.6457275	188.507607902	63.377462899	5499.79315785	1109.25211773	5074.90988623	2159.11871405	13552.2685173	176312.390187	676.518247833	449.700228054	22396.9534317	2428.35516854	22565.1730052
Unused Domestic Extraction - Crop and Crop Residue	93973.1281888	357.380933129	114098.067918	965.164412996	346.426259762	24497.6128637	5996.38817662	29512.5861981	59575.9924487	346.043258185	106684.873373	428.57941437	266.259830419	39365.9790782	4397.95672207	33904.0062967	12018.4872567	581.917443558	112261.258955	381.990731552	207.260132345	13719.667661	3212.05340954	25740.5256914	2883.5090106	115.951739255	11150.9959362	15.9208662652	6.86274549325	2703.4876831	723.730742146	2697.24926968	6881.81990714	98.8458271451	24922.279892	295.823659496	182.535898669	5270.81307683	1128.26990856	5363.50938047	29021.0048451	448.316408523	128662.16522	452.098784301	249.805458432	18947.2314711	1889.979009	19418.6658226
Unused Domestic Extraction - Grazing and Fodder	6478.2147503	25.355395703	8829.11530509	70.881158342	24.0384165694	1830.4908024	427.711089062	2354.41308836	5776.01952235	47.6170597178	16585.5871465	61.7627499211	36.8767826844	5535.38072348	627.607551758	4880.70377198	917.095125996	51.6053027643	10653.0793924	37.0207354072	18.5142551606	1359.64964216	327.880652846	2553.08216423	265.356187743	12.4462257754	1275.71260015	1.74343488418	0.711576086734	293.420486326	75.1983063112	292.851888897	1405.60853227	17.4475363714	3787.21067812	60.1013754531	42.4309384524	818.126915584	184.058751043	970.38439696	3084.5275627	43.9329049783	15034.4295536	59.0221266203	31.898113313	2284.3596046	225.082197069	2487.76476449
Unused Domestic Extraction - Forestry and Timber	9803.39748388	33.2560733603	9682.29768587	89.8241651266	33.2209887575	2224.81467055	536.74193261	2597.9973751	4960.68232309	34.1189617777	9885.43327167	39.0135673507	24.4487295129	3577.56883845	409.373872467	3115.93317348	1121.69264202	55.1880866639	8996.52701971	33.8921281329	17.918426208	1206.75424247	286.318143297	2241.92006421	217.551163017	9.42793709344	874.139724106	1.25105001986	0.548859056852	222.83092192	59.5798577844	214.109408464	635.100761174	8.52362909104	2021.41352045	27.1586381447	17.8774145373	431.828417972	94.2080458967	467.808679683	2930.28663513	35.3293616774	10258.6732217	39.5625938895	26.5491059622	1618.21392657	157.485584671	1788.02464963
Unused Domestic Extraction  Fisheries	434.222413191	1.54936293092	477.782719244	4.12104540453	1.46210313749	106.275243748	26.0871622341	127.859344748	343.021570475	1.63956111807	512.449523407	2.14142870882	1.32955582646	196.821137153	22.152525804	166.993797899	64.635513571	2.73519279822	530.495420635	1.81852249553	0.976190336726	66.7645089682	15.3279850838	124.104836449	17.1577456485	0.534611042841	52.5815147161	0.0745480762317	0.0319291313557	12.9871150681	3.46286505883	12.7293960447	35.6117703552	0.482874893334	121.203459733	1.44420339128	0.888618425362	26.2688113586	5.64193844807	26.4472919645	106.569466505	1.71831303496	495.573664961	1.75888075193	0.962163805397	73.1296863573	7.31605481938	75.1505695206
Unused Domestic Extraction - Coal and Peat	24526.5521007	29982.8332344	1100270.3892	15879.0500434	8195.961897	208251.80031	47384.2222885	247604.405991	72727.3715844	95707.5066439	2295150.10549	29890.135447	13362.2518142	745351.460844	77416.2259274	642254.476368	9474.65210148	46849.4686819	1336108.71886	11273.0404248	7765.52256716	152930.506306	34951.5057509	292336.627263	1075.09362231	1191.49601213	84256.4559974	129.956015779	52.7522488395	22446.4750212	5466.29249997	21421.6782685	4036.27187055	5391.14783968	189193.391821	1257.13664115	436.824620868	38067.0804572	7635.36720955	32176.2379481	16694.0992216	118996.6246	1340934.40836	5043.78331792	3318.38909432	176577.573666	18715.2319872	169089.301708
Unused Domestic Extraction - Oil and Gas	1461.69498226	2297.80401298	67353.1096088	984.555330611	472.507408549	12245.8086373	2691.4329511	14584.4374581	3681.15588738	3180.93206942	117269.896078	552.776954756	602.493550539	37884.7168826	3966.23529519	32237.5051896	517.458047066	3630.15884011	67705.3491108	649.587632554	529.698322886	7899.82516064	1793.73162559	15391.5509581	88.3064414069	95.6198811943	6366.73486333	10.3696321549	4.00929788916	1880.42609371	437.550706566	1753.02405645	230.187732691	229.56990906	10029.8911324	74.3639138408	24.8185680185	2052.05843513	437.40726273	2220.65575855	312.896323312	1496.45778837	24307.9632643	101.487300132	57.6082129009	3284.52452972	350.204055828	3311.44722501
Unused Domestic Extraction - Non-metalic Minerals	332.595877518	382.636809685	16183.9165306	171.226382253	76.9933265904	2812.85690665	656.893814219	3397.0243223	1205.70517658	1445.91277954	40625.8900742	253.834342826	139.546531331	12981.738907	1431.91496621	11250.7251477	302.09870755	1289.06216631	41520.7729101	283.864907693	178.07609428	5102.68049459	1210.03851157	9491.96451966	35.1114768994	38.6931496797	2981.87633449	4.49695839985	1.77031498823	816.259502972	198.856537964	742.733609246	157.965072167	268.508494493	6771.72098913	50.8360569319	17.6614631191	1411.05418133	302.914603688	1216.78024692	360.447875318	2618.69429298	31678.8830432	115.037272332	56.9722254624	4388.68504508	459.877428112	4118.43622589
Unused Domestic Extraction - Iron Ore	1876.30633441	2105.3130215	89304.5645085	963.876083916	474.965299074	16213.8732019	3805.26708444	19366.5548302	4681.37102459	6007.77412444	146172.513702	2112.99124616	939.976626753	47672.9896372	4887.83397896	40922.1315744	670.386903628	2436.35223395	103308.574847	683.599241738	422.252312275	10770.6806578	2487.08743572	20963.9567041	95.10970293	100.644006588	7412.92489382	11.7104396501	4.72075068547	1953.45389454	478.359302438	1933.07661628	286.789860876	247.646129746	14732.8639771	89.8369036597	30.3433538907	2909.59586683	562.908931337	2391.21211579	1400.80376757	12303.5703057	118281.093975	435.10960588	307.222920674	15166.3198133	1624.92346526	14131.9239365
Unused Domestic Extraction - Non-ferous metal ores	6283.56130448	7446.19426278	271190.802107	4191.73911362	2095.62541955	51552.9806325	11371.1462472	62820.6050588	13699.7236868	18505.3293189	430714.966017	3115.45765433	1975.20587993	138171.57341	14323.1284534	120095.796812	1305.02084042	9001.07721204	171727.424103	1790.83765637	1512.67406689	19719.6500893	4461.74635509	38689.9962388	259.143128219	308.780592244	18567.2440263	28.8457438978	12.047885581	4860.58004212	1149.88306002	4744.74220052	683.683855714	1032.8735168	31186.8095613	215.135489884	73.0536045086	5999.86503289	1225.08435422	5836.95784427	2287.57845721	9233.83056696	175371.680636	693.506447697	449.405129644	22226.327886	2415.41291116	23882.0019632
Land use Crop, Forest, Pasture	1676261.11589	5640.12322859	1612257.64515	15131.0831906	5531.84351149	383411.133144	90639.816911	448583.231016	1016440.93657	6744.65362181	1961799.80432	7938.14182475	5149.30486562	719287.688379	80271.5777063	618539.51389	188025.127435	8446.87942071	1341828.58413	5150.82574485	2700.25818974	188730.7199	43216.8234492	342878.093874	41712.890765	1522.21598022	141995.6142	201.338185519	87.9053020537	36053.7146574	9535.97215684	34689.4093063	114188.262066	1475.55023726	346097.610769	4775.51670643	3182.14089713	75067.7127503	16243.2826769	81869.1543113	515082.049306	5497.06456844	1607336.6116	6399.6649728	4559.09844932	261814.833664	24877.9094583	296539.066825
